1741379414538 7.288302862523124 1
1741379414564 6.87846433459603 2
1741379414574 6.50254856869783 3
1741379414594 6.173632596418218 4
1741379414606 5.878531518651737 5
1741379414622 5.623056857963637 6
1741379414638 5.389557103912481 7
1741379414669 5.168637170768035 8
1741379414686 4.97755751987137 9
1741379414700 4.794409998536262 10
1741379414721 4.6321447629219294 11
1741379414738 4.474941483668967 12
1741379414755 4.3410020550024475 13
1741379414775 4.212268049299933 14
1741379414793 4.092195688419397 15
1741379414810 3.9799376914781655 16
1741379414824 3.8739288136350707 17
1741379414840 3.78082518047588 18
1741379414867 3.6894807121761946 19
1741379414872 3.60986793079182 20
1741379414888 3.543842455189984 21
1741379414919 3.4768270616612984 22
1741379414935 3.4084772758764905 23
1741379414951 3.3461205484427006 24
1741379414970 3.2851672341635503 25
1741379414983 3.231667304820273 26
1741379414998 3.183365251729682 27
1741379415014 3.1365232040509623 28
1741379415030 3.0934371773201033 29
1741379415047 3.054623632038295 30
1741379415062 3.016938543625885 31
1741379415081 2.98137269092693 32
1741379415094 2.9471307786439973 33
1741379415110 2.914929825607408 34
1741379415139 2.88953969559734 35
1741379415158 2.858404207745593 36
1741379415177 2.8322534344650614 37
1741379415202 2.809203768473996 38
1741379415224 2.7857746990607537 39
1741379415249 2.767260404838189 40
1741379415271 2.7485230854877236 41
1741379415292 2.7311879894950866 42
1741379415316 2.7143927775011742 43
1741379415346 2.69374792825066 44
1741379415371 2.6762941773572106 45
1741379415388 2.6625014981432873 46
1741379415401 2.6475256053292737 47
1741379415421 2.6343281125240146 48
1741379415435 2.620656461634464 49
1741379415455 2.608245952099151 50
1741379415473 2.596221093038726 51
1741379415492 2.5821061212339638 52
1741379415509 2.5722329941474626 53
1741379415525 2.5600959803391206 54
1741379415542 2.5509555427749184 55
1741379415558 2.542645569346484 56
1741379415576 2.5317601869748696 57
1741379415591 2.5236623136640213 58
1741379415612 2.5169864092477434 59
1741379415632 2.509814190879317 60
1741379415652 2.5019907154389274 61
1741379415668 2.4962936530095083 62
1741379415686 2.4891124436183683 63
1741379415707 2.482467803978774 64
1741379415728 2.4739996274907146 65
1741379415741 2.467164407914837 66
1741379415763 2.462363646510123 67
1741379415784 2.45327010641934 68
1741379415804 2.446099246076173 69
1741379415825 2.4407211523388987 70
1741379415838 2.4352637069185685 71
1741379415859 2.4309309652591224 72
1741379415880 2.424625811451222 73
1741379415897 2.421080713507829 74
1741379415917 2.4160454467159647 75
1741379415943 2.411796481964489 76
1741379415966 2.4043408533359494 77
1741379415984 2.3981023599969085 78
1741379416005 2.388902373627026 79
1741379416023 2.382479308647088 80
1741379416040 2.37734894451819 81
1741379416054 2.370350136074887 82
1741379416075 2.3639702593114937 83
1741379416090 2.358060669756335 84
1741379416109 2.354369956260822 85
1741379416125 2.348431447432172 86
1741379416144 2.340524570643015 87
1741379416158 2.336841918864735 88
1741379416178 2.331823541180884 89
1741379416193 2.3281156700558685 90
1741379416214 2.320742435847528 91
1741379416234 2.313024535363156 92
1741379416248 2.3095896957163697 93
1741379416270 2.305982393581332 94
1741379416283 2.303423197369824 95
1741379416304 2.299571106925516 96
1741379416319 2.2962293615635967 97
1741379416340 2.291277287577117 98
1741379416359 2.2872241958642947 99
1741379416373 2.2810790653781763 100
1741379416397 2.2765617867011554 101
1741379416409 2.271325275510777 102
1741379416439 2.268084630914162 103
1741379416457 2.2654971835473496 104
1741379416471 2.26010010327826 105
1741379416491 2.255553393270805 106
1741379416505 2.248371883176789 107
1741379416526 2.2449249311563375 108
1741379416540 2.2407960278873684 109
1741379416562 2.2386033769704716 110
1741379416575 2.234971439999119 111
1741379416595 2.2294509520691657 112
1741379416616 2.226466222459193 113
1741379416631 2.2225303421636555 114
1741379416652 2.2196879668682423 115
1741379416666 2.2148594138977415 116
1741379416686 2.2101324678696064 117
1741379416708 2.2056461001109677 118
1741379416730 2.2027324568062996 119
1741379416757 2.1980177595974366 120
1741379416779 2.193642555338469 121
1741379416802 2.1892667155173453 122
1741379416822 2.1849401216281645 123
1741379416831 2.1822308122745433 124
1741379416857 2.179446179009591 125
1741379416873 2.1750186998990966 126
1741379416891 2.1718881260613987 127
1741379416909 2.1680735610172635 128
1741379416915 2.1649041238646674 129
1741379416944 2.162412652414111 130
1741379416963 2.15839286260497 131
1741379416982 2.1528586432936434 132
1741379417000 2.1496020069386317 133
1741379417012 2.144790891414596 134
1741379417039 2.1414346797961703 135
1741379417062 2.1382690737878907 136
1741379417081 2.1352646082290665 137
1741379417096 2.1306314968157163 138
1741379417116 2.1280063694451905 139
1741379417131 2.124218008033296 140
1741379417147 2.121413412164174 141
1741379417176 2.1182800028096582 142
1741379417187 2.115306034828215 143
1741379417213 2.111346775223645 144
1741379417220 2.1079930826692697 145
1741379417249 2.1059816490671794 146
1741379417269 2.103514803779013 147
1741379417282 2.1010440586462744 148
1741379417298 2.0982402964941103 149
1741379417314 2.0946616168360603 150
1741379417330 2.0919765504794654 151
1741379417346 2.0905082794505265 152
1741379417375 2.087356724438334 153
1741379417380 2.085056916601929 154
1741379417410 2.0826281222134 155
1741379417423 2.08004343736789 156
1741379417446 2.0783498478161637 157
1741379417464 2.075388551627679 158
1741379417482 2.0737991708129897 159
1741379417502 2.0706907739991975 160
1741379417518 2.067724250662905 161
1741379417533 2.066258201441601 162
1741379417549 2.063369756318378 163
1741379417565 2.0611414525558924 164
1741379417585 2.059380910099019 165
1741379417609 2.057025414147653 166
1741379417620 2.0545354092724457 167
1741379417645 2.0522313244972405 168
1741379417661 2.0504454705256254 169
1741379417677 2.047111207519341 170
1741379417693 2.0445580527928993 171
1741379417709 2.0415851284808517 172
1741379417725 2.0393466083255887 173
1741379417740 2.0375435389161285 174
1741379417763 2.034792623938254 175
1741379417788 2.0321613893332855 176
1741379417813 2.030442282416229 177
1741379417820 2.0291020695209023 178
1741379417851 2.0272059064551557 179
1741379417867 2.0246951011632026 180
1741379417883 2.0223530264133713 181
1741379417899 2.02091620409359 182
1741379417917 2.01887691910696 183
1741379417946 2.0169653598873056 184
1741379417966 2.0148114070956598 185
1741379417982 2.012330294527081 186
1741379418002 2.0104494257895085 187
1741379418014 2.0078625884360592 188
1741379418030 2.0060747894082134 189
1741379418045 2.004058904627524 190
1741379418061 2.001670442490576 191
1741379418086 2.0006144680186737 192
1741379418098 1.9984500175484607 193
1741379418109 1.9971323627498192 194
1741379418130 1.994410318980766 195
1741379418160 1.992999458200257 196
1741379418183 1.9902247516507487 197
1741379418200 1.9874545463419047 198
1741379418216 1.9861767070940117 199
1741379418234 1.9849146932822843 200
1741379418252 1.9841176152629654 201
1741379418269 1.9829881338716913 202
1741379418283 1.9809930797694502 203
1741379418304 1.979172218768709 204
1741379418319 1.9770429605081967 205
1741379418335 1.9755346484737963 206
1741379418351 1.9741704443984345 207
1741379418375 1.972550992451433 208
1741379418383 1.9722548956185662 209
1741379418414 1.9710746784738895 210
1741379418430 1.968319953922067 211
1741379418445 1.967592946396981 212
1741379418470 1.9650528897583819 213
1741379418493 1.9621675239504723 214
1741379418511 1.9603624372174662 215
1741379418529 1.9581179462226663 216
1741379418540 1.9567926540015042 217
1741379418564 1.9552728985378356 218
1741379418572 1.9535199253182618 219
1741379418588 1.9516812384329125 220
1741379418610 1.9502466221453103 221
1741379418620 1.9493341413115004 222
1741379418635 1.9467645783108645 223
1741379418651 1.9465188889260876 224
1741379418670 1.946020844928553 225
1741379418683 1.9458006679980324 226
1741379418714 1.9436432449308967 227
1741379418730 1.941134567342954 228
1741379418746 1.9393422081594252 229
1741379418762 1.9371128807652729 230
1741379418778 1.9357712462781749 231
1741379418795 1.9335712376521557 232
1741379418809 1.9316989443999717 233
1741379418834 1.93002632132739 234
1741379418846 1.9276471001952105 235
1741379418870 1.9253226836157908 236
1741379418886 1.923781378352401 237
1741379418902 1.9221787964505914 238
1741379418918 1.9199723115833232 239
1741379418933 1.9176447145820252 240
1741379418957 1.9174690651605684 241
1741379418975 1.9151805100480714 242
1741379418986 1.9143666677220585 243
1741379419000 1.914165854635101 244
1741379419017 1.912919993790252 245
1741379419044 1.9111859265767464 246
1741379419060 1.9093095118933607 247
1741379419087 1.9079515084032321 248
1741379419100 1.9066829570385595 249
1741379419115 1.904638911295805 250
1741379419136 1.9044833301755815 251
1741379419161 1.9023836480771694 252
1741379419178 1.9008764741944548 253
1741379419208 1.8997604136524833 254
1741379419231 1.8991026615595028 255
1741379419244 1.8978426029382274 256
1741379419258 1.89654484950706 257
1741379419276 1.8944478745616782 258
1741379419303 1.8932593910420652 259
1741379419320 1.8928500585481194 260
1741379419339 1.8918504657150865 261
1741379419353 1.8902765472860266 262
1741379419374 1.8883743129384727 263
1741379419394 1.8867983251636582 264
1741379419413 1.8859439960207771 265
1741379419430 1.8847593608337485 266
1741379419443 1.8838268866276398 267
1741379419459 1.8816350290948807 268
1741379419487 1.8802938321266491 269
1741379419506 1.8794728298277985 270
1741379419522 1.878151037796962 271
1741379419538 1.876929013030048 272
1741379419560 1.8764162840873022 273
1741379419569 1.8753792175265622 274
1741379419591 1.8734320486071367 275
1741379419609 1.8715462781636711 276
1741379419617 1.8702727009050553 277
1741379419633 1.8684195193719064 278
1741379419665 1.866961917818607 279
1741379419681 1.8657687407907568 280
1741379419697 1.8646736492631941 281
1741379419716 1.8626963435739776 282
1741379419734 1.8615890048274755 283
1741379419760 1.8600161054766489 284
1741379419776 1.857831995171016 285
1741379419792 1.8564462357467932 286
1741379419807 1.8543454878680987 287
1741379419823 1.8522025605615051 288
1741379419839 1.8506801606418672 289
1741379419864 1.849140719510641 290
1741379419881 1.8479402000068885 291
1741379419893 1.8462638542449477 292
1741379419914 1.844777551118346 293
1741379419928 1.8434406359715378 294
1741379419952 1.8421548247848598 295
1741379419971 1.8411007763138807 296
1741379419988 1.8404267371507987 297
1741379420006 1.8388883186305298 298
1741379420025 1.8374253649413284 299
1741379420044 1.8368342210718873 300
1741379420061 1.8360283650943428 301
1741379420077 1.8337818231760952 302
1741379420095 1.8319096205949015 303
1741379420109 1.8310508955079896 304
1741379420130 1.8298003469944633 305
1741379420153 1.8289842597218242 306
1741379420175 1.8277260935408073 307
1741379420194 1.82543415192752 308
1741379420211 1.8238262486175965 309
1741379420228 1.8225867160225533 310
1741379420244 1.8206483649612526 311
1741379420260 1.819363546636762 312
1741379420282 1.8175735778964937 313
1741379420297 1.8162586965595429 314
1741379420313 1.8152569602908788 315
1741379420329 1.813874209418214 316
1741379420346 1.812733548082944 317
1741379420361 1.811011661117361 318
1741379420385 1.8088255437116778 319
1741379420409 1.8079019228600952 320
1741379420425 1.8056741477590585 321
1741379420449 1.8039118576865065 322
1741379420457 1.8029039722449232 323
1741379420489 1.8016390877298578 324
1741379420508 1.800378487854555 325
1741379420530 1.7987808533284342 326
1741379420543 1.797747371488063 327
1741379420569 1.7964469438395954 328
1741379420585 1.7953259134820232 329
1741379420606 1.7941270414734118 330
1741379420619 1.793184241674614 331
1741379420641 1.7920855680140528 332
1741379420654 1.7909139119511654 333
1741379420680 1.7904053408449756 334
1741379420696 1.788878525152826 335
1741379420711 1.7875574233629954 336
1741379420727 1.7864537120081552 337
1741379420743 1.7847992357478606 338
1741379420759 1.7838909757821122 339
1741379420775 1.7826429402944741 340
1741379420791 1.7822342980962813 341
1741379420807 1.7809789329204948 342
1741379420822 1.7798482231380557 343
1741379420854 1.7784468705253065 344
1741379420870 1.7770087047349326 345
1741379420886 1.7754803971811721 346
1741379420902 1.7747532837039017 347
1741379420918 1.773413744890557 348
1741379420933 1.7718084273600418 349
1741379420949 1.7704799959512676 350
1741379420965 1.7694192791037573 351
1741379420981 1.7683720021538725 352
1741379421013 1.7669905525647913 353
1741379421029 1.7660314468447984 354
1741379421044 1.7645335118942678 355
1741379421061 1.76351026656252 356
1741379421076 1.763015899701961 357
1741379421092 1.7625428259735592 358
1741379421108 1.7615797702157425 359
1741379421124 1.7597770534341395 360
1741379421140 1.7587345159154246 361
1741379421172 1.7576312708603459 362
1741379421187 1.7575099516829642 363
1741379421203 1.756558121297964 364
1741379421224 1.7551865645295985 365
1741379421235 1.7541314872341718 366
1741379421251 1.753552597038574 367
1741379421266 1.751946718533638 368
1741379421298 1.7506731641440332 369
1741379421314 1.7497312561500962 370
1741379421330 1.7485982025359426 371
1741379421346 1.7470876894303509 372
1741379421362 1.7464925046399853 373
1741379421378 1.7454137047130955 374
1741379421402 1.7444913645889435 375
1741379421409 1.7432972949596444 376
1741379421425 1.742001589070232 377
1741379421457 1.7408552052538515 378
1741379421476 1.7393366267083743 379
1741379421487 1.7385241154397504 380
1741379421510 1.737653525507456 381
1741379421535 1.7364998635361582 382
1741379421551 1.7358369550494053 383
1741379421567 1.7343460956791532 384
1741379421583 1.7338131944694226 385
1741379421599 1.7329678890875315 386
1741379421620 1.731742811127596 387
1741379421630 1.7315840343448983 388
1741379421653 1.7304030583285641 389
1741379421663 1.7289518928677403 390
1741379421686 1.7278786655467846 391
1741379421709 1.7260549239291516 392
1741379421725 1.7250947288569967 393
1741379421741 1.723614149952138 394
1741379421765 1.7225987429634324 395
1741379421773 1.7214093108191901 396
1741379421789 1.7199127184022103 397
1741379421821 1.7185469478797153 398
1741379421841 1.718009456229895 399
1741379421862 1.7168856544015554 400
1741379421882 1.7161417814900044 401
1741379421900 1.7152363675662854 402
1741379421916 1.7137016086950774 403
1741379421941 1.7119035841621495 404
1741379421947 1.7105952954342796 405
1741379421979 1.7101612473593149 406
1741379422005 1.7088769741257115 407
1741379422025 1.708603084610101 408
1741379422043 1.7074491018294031 409
1741379422066 1.7057587374408762 410
1741379422084 1.7042148749681265 411
1741379422098 1.7033174645631544 412
1741379422114 1.7026040741644868 413
1741379422130 1.701233330284415 414
1741379422161 1.700426443971424 415
1741379422178 1.6993769518942334 416
1741379422201 1.6987393864282372 417
1741379422209 1.697364783099438 418
1741379422241 1.696436320230143 419
1741379422256 1.6947217682773867 420
1741379422280 1.6935011478333226 421
1741379422304 1.6917219384513333 422
1741379422335 1.690132572134999 423
1741379422358 1.6887147293279121 424
1741379422373 1.6872756787903875 425
1741379422394 1.6862505435826374 426
1741379422411 1.6854171955423944 427
1741379422421 1.6844282303066844 428
1741379422436 1.682872877453212 429
1741379422463 1.6817877161258288 430
1741379422484 1.6810772124514382 431
1741379422500 1.6793914002398587 432
1741379422516 1.6785893360229294 433
1741379422536 1.6773472554743616 434
1741379422548 1.6764480347169908 435
1741379422564 1.6752400449062552 436
1741379422597 1.673987982430277 437
1741379422613 1.6733107965065963 438
1741379422628 1.6723298120393706 439
1741379422644 1.670987506678633 440
1741379422660 1.6698857363508013 441
1741379422676 1.6690375958617762 442
1741379422692 1.6677459646473145 443
1741379422708 1.6660901483909634 444
1741379422740 1.6652030434793155 445
1741379422756 1.6641678426054156 446
1741379422772 1.663338905226288 447
1741379422794 1.6630978241476255 448
1741379422803 1.6630548885304113 449
1741379422819 1.6613951313826723 450
1741379422835 1.6601561462424637 451
1741379422867 1.6588042093502495 452
1741379422883 1.6575906443442738 453
1741379422899 1.6562071445549966 454
1741379422922 1.6551244945839156 455
1741379422939 1.6544131973130083 456
1741379422956 1.6530490914247173 457
1741379422976 1.6516613073299051 458
1741379422994 1.6509440971494913 459
1741379423014 1.6500389128759698 460
1741379423030 1.648772856606362 461
1741379423047 1.6479738396606685 462
1741379423063 1.6465296340105924 463
1741379423080 1.6453728710139135 464
1741379423097 1.6446278822349436 465
1741379423115 1.6435570637552848 466
1741379423132 1.6424989687125569 467
1741379423152 1.641269916337928 468
1741379423171 1.6404526089369933 469
1741379423189 1.6393997794255533 470
1741379423205 1.6382391526809819 471
1741379423224 1.6370868812406985 472
1741379423241 1.6361586527368497 473
1741379423261 1.6350900545429021 474
1741379423277 1.634317546841058 475
1741379423295 1.6333205553166457 476
1741379423312 1.632371118864708 477
1741379423329 1.6310495975392787 478
1741379423347 1.6302453969028865 479
1741379423365 1.6288190302905503 480
1741379423382 1.6281015633770175 481
1741379423400 1.626954854648868 482
1741379423417 1.6265253970197102 483
1741379423434 1.6253832749466381 484
1741379423452 1.6243248835040074 485
1741379423466 1.6228482303785694 486
1741379423487 1.6218284557628873 487
1741379423498 1.6208920894699124 488
1741379423518 1.619357510787057 489
1741379423534 1.618599392788069 490
1741379423549 1.6177564278719634 491
1741379423581 1.616253840834185 492
1741379423597 1.6153245647864092 493
1741379423613 1.614639453962425 494
1741379423629 1.6135598857716047 495
1741379423645 1.6126447378903954 496
1741379423670 1.6115081030100389 497
1741379423686 1.610457071684307 498
1741379423702 1.609289255942264 499
1741379423718 1.6082360203074604 500
1741379423734 1.6072487344169568 501
1741379423750 1.6065123317436154 502
1741379423766 1.6053506567999583 503
1741379423782 1.6042880443539604 504
1741379423808 1.6034403064485918 505
1741379423829 1.6023390373208248 506
1741379423847 1.6012348022410763 507
1741379423862 1.6000239741185014 508
1741379423878 1.5989739332910617 509
1741379423893 1.597618103763907 510
1741379423917 1.597173442641212 511
1741379423943 1.5959899624915252 512
1741379423957 1.5948270749927795 513
1741379423977 1.5939225231987528 514
1741379423998 1.5926169493324 515
1741379424014 1.5921736736447074 516
1741379424031 1.5911014295655368 517
1741379424040 1.5900844486466579 518
1741379424056 1.5892079892775561 519
1741379424072 1.587882518596101 520
1741379424103 1.5869878158696114 521
1741379424122 1.5866491501203734 522
1741379424135 1.5853706094283337 523
1741379424154 1.5845489952947778 524
1741379424166 1.5836659799840023 525
1741379424198 1.5826706125034635 526
1741379424217 1.5819033663948223 527
1741379424241 1.580555536759059 528
1741379424255 1.579816130668182 529
1741379424271 1.5787788774076672 530
1741379424287 1.5785057378268794 531
1741379424319 1.5784382735164737 532
1741379424335 1.577582728828802 533
1741379424355 1.5766237797807345 534
1741379424367 1.5754087978656295 535
1741379424387 1.574940776401956 536
1741379424399 1.5732516918170343 537
1741379424421 1.5726043459679908 538
1741379424431 1.5718594012103715 539
1741379424462 1.5707782383326216 540
1741379424482 1.5696343611376251 541
1741379424500 1.568719740141857 542
1741379424522 1.5679416108566766 543
1741379424540 1.5671285010464941 544
1741379424554 1.5661849049249728 545
1741379424574 1.564892677232479 546
1741379424596 1.5638680968274215 547
1741379424618 1.5630436744211358 548
1741379424635 1.5619906361888904 549
1741379424643 1.5609601213521975 550
1741379424659 1.5608567916966265 551
1741379424691 1.5598054191689428 552
1741379424708 1.5589744187961199 553
1741379424725 1.5582868003148094 554
1741379424734 1.5572095949276605 555
1741379424750 1.557187955695469 556
1741379424766 1.556400086848964 557
1741379424782 1.555934745016444 558
1741379424798 1.5558406369560238 559
1741379424830 1.554542498227902 560
1741379424845 1.5532708228631262 561
1741379424867 1.5519518399312273 562
1741379424877 1.5505542445882121 563
1741379424895 1.5496766040529029 564
1741379424909 1.5495815583452885 565
1741379424925 1.5480372079351161 566
1741379424941 1.5479611787667467 567
1741379424957 1.5478763948145613 568
1741379424973 1.5477816470456822 569
1741379424992 1.546833429119711 570
1741379425023 1.545968865104459 571
1741379425040 1.5455654058836137 572
1741379425056 1.544245364265665 573
1741379425074 1.543580852180634 574
1741379425091 1.5435681630865352 575
1741379425109 1.5422792227255997 576
1741379425130 1.5412527058207017 577
1741379425144 1.5407440997197606 578
1741379425167 1.5407284453301036 579
1741379425179 1.539827048789331 580
1741379425200 1.5386189587045829 581
1741379425228 1.5375391401251555 582
1741379425242 1.5372882347116472 583
1741379425263 1.5362512870270588 584
1741379425282 1.5354247467295903 585
1741379425297 1.534406742785808 586
1741379425318 1.5343960050189505 587
1741379425338 1.5343872119424071 588
1741379425352 1.5338763191016689 589
1741379425373 1.5331362915553959 590
1741379425394 1.5320107793798372 591
1741379425408 1.5306525053269446 592
1741379425429 1.5295037971961414 593
1741379425450 1.5285066592352288 594
1741379425470 1.5276469551155774 595
1741379425491 1.5267041198595155 596
1741379425511 1.525695786095824 597
1741379425531 1.5249109571531312 598
1741379425547 1.5240737959154724 599
1741379425567 1.5230499178890387 600
1741379425588 1.5224231784505677 601
1741379425602 1.5215497753464156 602
1741379425616 1.5206563008264355 603
1741379425642 1.519579269160055 604
1741379425658 1.5188173729084824 605
1741379425679 1.5180985326292085 606
1741379425692 1.5176236626474302 607
1741379425713 1.5175939242380023 608
1741379425727 1.515899841680709 609
1741379425748 1.515238834985939 610
1741379425762 1.5145194277375353 611
1741379425784 1.5135670799905745 612
1741379425805 1.5125184727629915 613
1741379425828 1.5111274450106558 614
1741379425846 1.5105246869165776 615
1741379425862 1.5094405834453262 616
1741379425878 1.5081795997172227 617
1741379425899 1.5072533353426276 618
1741379425910 1.5059352903324095 619
1741379425942 1.505366258154386 620
1741379425958 1.504467961067505 621
1741379425974 1.5032290588435242 622
1741379425989 1.5021631083457092 623
1741379426005 1.5013023146106246 624
1741379426021 1.500138002486038 625
1741379426037 1.4991583129042263 626
1741379426055 1.4984777735633314 627
1741379426069 1.497899450638893 628
1741379426084 1.4971922923323815 629
1741379426106 1.4966396425940127 630
1741379426117 1.4952896699810807 631
1741379426148 1.4945092382196723 632
1741379426164 1.493600247488022 633
1741379426180 1.4926728303381949 634
1741379426198 1.4919660884463 635
1741379426221 1.4901167215948894 636
1741379426231 1.4888824809182568 637
1741379426257 1.4879336918819703 638
1741379426275 1.4870345323551997 639
1741379426291 1.486408332709046 640
1741379426306 1.4857102041351813 641
1741379426322 1.4848885116333395 642
1741379426340 1.4842225476567088 643
1741379426354 1.4835005113068405 644
1741379426370 1.4825487347746653 645
1741379426386 1.4814860388750772 646
1741379426405 1.4805020472763608 647
1741379426427 1.4795643060142676 648
1741379426439 1.4788071956986475 649
1741379426450 1.4779338553206738 650
1741379426466 1.476632595569769 651
1741379426499 1.475673250662982 652
1741379426517 1.4748658449523888 653
1741379426527 1.4739539030596296 654
1741379426545 1.4734434020107152 655
1741379426562 1.4721399504798962 656
1741379426574 1.4715432380428919 657
1741379426591 1.4705952888561438 658
1741379426614 1.4698116879601815 659
1741379426623 1.4686961627221453 660
1741379426655 1.4678773974799828 661
1741379426671 1.4664576307008244 662
1741379426687 1.4659598581834623 663
1741379426702 1.4651206489626818 664
1741379426724 1.4643451094737912 665
1741379426741 1.4632186824136937 666
1741379426757 1.4625190223417897 667
1741379426782 1.4615007030821119 668
1741379426797 1.4607167519824074 669
1741379426813 1.4601457347056384 670
1741379426829 1.459365990933402 671
1741379426854 1.4585694501246909 672
1741379426861 1.4576474146869076 673
1741379426883 1.456679232232799 674
1741379426893 1.4556535582185703 675
1741379426925 1.4545732035262546 676
1741379426941 1.4536627415147994 677
1741379426957 1.4530058932566468 678
1741379426976 1.451651082858692 679
1741379426994 1.4508033273341212 680
1741379427004 1.4500680917812505 681
1741379427036 1.4493553914509867 682
1741379427054 1.4483353508825674 683
1741379427068 1.4481116019910045 684
1741379427084 1.4478466527556684 685
1741379427115 1.4466399036104056 686
1741379427131 1.4457486014267276 687
1741379427153 1.4450148869352344 688
1741379427163 1.4440173970565438 689
1741379427181 1.4434162557710637 690
1741379427198 1.442709272047203 691
1741379427222 1.4423993188502662 692
1741379427240 1.4417659563742278 693
1741379427258 1.4409250351338736 694
1741379427275 1.4403624165725168 695
1741379427292 1.4400332854032463 696
1741379427309 1.4391671556163645 697
1741379427326 1.4383929944664067 698
1741379427343 1.4374861756878259 699
1741379427362 1.436592996936207 700
