1741379377525 7.509848403344065 0
1741379377559 7.265696872441498 1
1741379377593 7.034658508837868 2
1741379377631 6.812122753346018 3
1741379377665 6.604440809558987 4
1741379377696 6.409413162116317 5
1741379377732 6.262519588239881 6
1741379377766 6.09751038183598 7
1741379377799 5.954347969857025 8
1741379377834 5.819195251159703 9
1741379377869 5.687389975993372 10
1741379377905 5.538458435347309 11
1741379377937 5.393290061992403 12
1741379377973 5.252137724262255 13
1741379378010 5.116484606196599 14
1741379378048 5.008569951476956 15
1741379378083 4.887566093987741 16
1741379378118 4.777610985894546 17
1741379378154 4.688818590377747 18
1741379378189 4.599538688931195 19
1741379378222 4.5135982908634125 20
1741379378259 4.410055541269129 21
1741379378297 4.314235473822253 22
1741379378332 4.224506149272129 23
1741379378370 4.155638974387279 24
1741379378404 4.070927950151683 25
1741379378439 3.9915848152430526 26
1741379378475 3.928932359598369 27
1741379378506 3.8545081725518466 28
1741379378542 3.783329903428509 29
1741379378575 3.7111861581503245 30
1741379378610 3.6436993824323807 31
1741379378644 3.583885018752493 32
1741379378681 3.525900590079007 33
1741379378717 3.4687288421027613 34
1741379378752 3.4145899785289804 35
1741379378786 3.3654368519578113 36
1741379378818 3.3165701107153973 37
1741379378853 3.2702770587464873 38
1741379378888 3.2234689049040637 39
1741379378921 3.1817926531349294 40
1741379378956 3.138272088541845 41
1741379378988 3.09655652275791 42
1741379379023 3.05553117603455 43
1741379379060 3.0184631437654432 44
1741379379096 2.9844304304056406 45
1741379379130 2.949284955064253 46
1741379379163 2.918480106722479 47
1741379379199 2.8857769902603834 48
1741379379233 2.8549056579370733 49
1741379379270 2.824905591461185 50
1741379379306 2.7974745414960362 51
1741379379340 2.7699900847420174 52
1741379379374 2.7421373336527806 53
1741379379410 2.7156122556959468 54
1741379379443 2.6929443691391968 55
1741379379478 2.6682367964382325 56
1741379379514 2.6456174626033047 57
1741379379548 2.623886213088789 58
1741379379584 2.6028498117770984 59
1741379379619 2.582957782840448 60
1741379379655 2.563348127140899 61
1741379379692 2.541308621694831 62
1741379379729 2.523182189051678 63
1741379379765 2.5048263793002237 64
1741379379801 2.487438787109035 65
1741379379841 2.470903437208753 66
1741379379880 2.454379626421128 67
1741379379917 2.4376756252701037 68
1741379379956 2.421897940282979 69
1741379379996 2.406757132619223 70
1741379380034 2.392347149179746 71
1741379380069 2.3791992307963397 72
1741379380103 2.3657831262550255 73
1741379380145 2.3535916859077632 74
1741379380177 2.3403060984320674 75
1741379380209 2.328604745702064 76
1741379380249 2.3177484822892263 77
1741379380286 2.305778235733441 78
1741379380321 2.2953304707132127 79
1741379380357 2.284529512584175 80
1741379380388 2.2751611621473664 81
1741379380422 2.2652092437626905 82
1741379380458 2.255594194633734 83
1741379380494 2.246259566870779 84
1741379380534 2.2365189757138397 85
1741379380569 2.2268914027708706 86
1741379380603 2.2172037463467795 87
1741379380639 2.208374046712343 88
1741379380670 2.1999155430220707 89
1741379380708 2.1915932232688586 90
1741379380740 2.1836978503523716 91
1741379380775 2.174024928119655 92
1741379380812 2.165773727271188 93
1741379380847 2.1589748212457716 94
1741379380885 2.152027313504997 95
1741379380920 2.1449966735700863 96
1741379380956 2.137491009108403 97
1741379380994 2.1308947498438338 98
1741379381032 2.123956479177376 99
1741379381069 2.1168704767922346 100
1741379381102 2.1110563727852036 101
1741379381138 2.104619857403334 102
1741379381175 2.0974446517222796 103
1741379381211 2.0920250239188767 104
1741379381246 2.0855075082389694 105
1741379381280 2.080306423308441 106
1741379381314 2.0745061703483354 107
1741379381347 2.068847021209655 108
1741379381383 2.0623053843550734 109
1741379381417 2.0563673281901154 110
1741379381456 2.05169909353518 111
1741379381489 2.0464666227710766 112
1741379381526 2.040054648959063 113
1741379381563 2.035241081852739 114
1741379381597 2.0307293898111944 115
1741379381632 2.0251633579718407 116
1741379381669 2.0207825898565344 117
1741379381701 2.0160964657147082 118
1741379381739 2.0096541929572305 119
1741379381773 2.004337804303597 120
1741379381811 1.999273546576647 121
1741379381846 1.9939517297140994 122
1741379381881 1.9894463428578262 123
1741379381917 1.9848818527605558 124
1741379381951 1.9805327094511425 125
1741379381988 1.9755128704784588 126
1741379382024 1.9713373715970708 127
1741379382058 1.9673523207293642 128
1741379382094 1.9633006614491768 129
1741379382133 1.9592513252802024 130
1741379382169 1.9544581119207325 131
1741379382199 1.9491462895088905 132
1741379382234 1.945245538334924 133
1741379382270 1.940721089075434 134
1741379382309 1.9371064877615132 135
1741379382348 1.9331608492430954 136
1741379382395 1.928260365984414 137
1741379382433 1.9243405943970084 138
1741379382469 1.9203446179561225 139
1741379382504 1.9156057877165256 140
1741379382538 1.9117200396538268 141
1741379382574 1.908267054820954 142
1741379382609 1.9043136414683446 143
1741379382642 1.9007094921404002 144
1741379382679 1.8971005887183192 145
1741379382711 1.8937805518821909 146
1741379382738 1.890387733408836 147
1741379382774 1.8859345252295963 148
1741379382806 1.8820724160213318 149
1741379382840 1.8784877433497995 150
1741379382877 1.8745233546491142 151
1741379382910 1.8714897348879322 152
1741379382945 1.8677570858753303 153
1741379382978 1.8636480516613714 154
1741379383014 1.8599292809159056 155
1741379383050 1.8568778781827817 156
1741379383082 1.8537715867707574 157
1741379383116 1.8502434356793163 158
1741379383151 1.846686847658028 159
1741379383186 1.8435580368334021 160
1741379383219 1.8407985582428794 161
1741379383255 1.8375037252331652 162
1741379383293 1.8341836703807881 163
1741379383328 1.8311500510591083 164
1741379383366 1.8276335475302234 165
1741379383403 1.8235157463610945 166
1741379383438 1.8202877351360165 167
1741379383469 1.8163945948862112 168
1741379383504 1.8134457599326486 169
1741379383536 1.8109872529269984 170
1741379383574 1.8077657287520368 171
1741379383610 1.8043242426397588 172
1741379383644 1.8009811810479455 173
1741379383679 1.7985208481835724 174
1741379383713 1.7944291741990062 175
1741379383746 1.7916506915570534 176
1741379383783 1.7890470132487057 177
1741379383819 1.7866141394263162 178
1741379383853 1.7840650976934347 179
1741379383883 1.7806823224109798 180
1741379383918 1.7782695419940382 181
1741379383952 1.7750389827000506 182
1741379383982 1.7718763796303825 183
1741379384013 1.7689420469125499 184
1741379384049 1.7662258010094518 185
1741379384086 1.762954747060679 186
1741379384120 1.7606221250597136 187
1741379384156 1.7581290406443129 188
1741379384191 1.7551721008692562 189
1741379384224 1.751972284697625 190
1741379384258 1.7488795268888562 191
1741379384295 1.7463526904320317 192
1741379384332 1.7441139254666551 193
1741379384369 1.7414684466959822 194
1741379384402 1.7392016038234452 195
1741379384436 1.7363490059582631 196
1741379384470 1.733446437733698 197
1741379384502 1.731280162171216 198
1741379384536 1.7288111767453547 199
1741379384572 1.7260142420011573 200
1741379384608 1.7235940753402788 201
1741379384643 1.7207189410768788 202
1741379384675 1.7179549006714205 203
1741379384711 1.7152674935442787 204
1741379384748 1.7127529066098401 205
1741379384779 1.7102927069297333 206
1741379384815 1.7080871308383871 207
1741379384855 1.7058490749245447 208
1741379384888 1.7039481591639045 209
1741379384920 1.7015736625899551 210
1741379384956 1.698853027798532 211
1741379384987 1.6967616530075451 212
1741379385021 1.693805779865232 213
1741379385054 1.6914193476807242 214
1741379385089 1.6892005552064449 215
1741379385121 1.6865251251691666 216
1741379385157 1.684398825588399 217
1741379385193 1.6826231021652687 218
1741379385224 1.6803980343599203 219
1741379385256 1.677756177914675 220
1741379385290 1.67519938106559 221
1741379385328 1.6730357979854547 222
1741379385360 1.670814473256004 223
1741379385395 1.6690117542389264 224
1741379385427 1.6665900844358037 225
1741379385458 1.6644063959959148 226
1741379385494 1.6621065267676627 227
1741379385528 1.659864335432112 228
1741379385558 1.6577992772029417 229
1741379385596 1.6554192594024848 230
1741379385632 1.6527696707260167 231
1741379385665 1.6506183803662888 232
1741379385700 1.6486117644537799 233
1741379385734 1.6453558854866217 234
1741379385769 1.6424164693739947 235
1741379385804 1.6402873223054195 236
1741379385837 1.6385247290386888 237
1741379385871 1.6361584521780086 238
1741379385900 1.6339348713330661 239
1741379385936 1.632187668778776 240
1741379385971 1.630005032653241 241
1741379386005 1.627758644049957 242
1741379386041 1.6261251453184238 243
1741379386074 1.6242651745853687 244
1741379386109 1.6221053164142019 245
1741379386144 1.6196259872349037 246
1741379386178 1.6173970021344426 247
1741379386215 1.6157470002363723 248
1741379386246 1.613890312882988 249
1741379386283 1.6119776897343028 250
1741379386316 1.6096201448631353 251
1741379386355 1.6081677729666592 252
1741379386392 1.6058040534316893 253
1741379386428 1.603853717309758 254
1741379386464 1.6018948297654976 255
1741379386496 1.6003265831215019 256
1741379386528 1.5975033991267527 257
1741379386562 1.595559553163187 258
1741379386598 1.5941540957689995 259
1741379386626 1.5918279376433828 260
1741379386660 1.5901257182849602 261
1741379386695 1.5882366496359448 262
1741379386731 1.5859501734682477 263
1741379386765 1.584365870372057 264
1741379386803 1.581791349910994 265
1741379386839 1.5798076374685694 266
1741379386875 1.578068273380979 267
1741379386909 1.576089763039772 268
1741379386943 1.574319752784711 269
1741379386976 1.5726502231773947 270
1741379387011 1.5710969203318477 271
1741379387045 1.5686767643422577 272
1741379387080 1.5667734944280651 273
1741379387112 1.5646845685361526 274
1741379387146 1.562803057721409 275
1741379387180 1.5603742057060939 276
1741379387216 1.558026760504132 277
1741379387251 1.5568118134241544 278
1741379387285 1.554628826940809 279
1741379387318 1.5531580542564598 280
1741379387351 1.5517443398446396 281
1741379387387 1.549759996938898 282
1741379387422 1.547691077428524 283
1741379387457 1.5454525648956856 284
1741379387490 1.5439637516350677 285
1741379387527 1.542628337362553 286
1741379387560 1.540826061848552 287
1741379387594 1.5391438115486495 288
1741379387627 1.537497646061407 289
1741379387663 1.5356441392515325 290
1741379387700 1.5338321849895682 291
1741379387731 1.5318934437696143 292
1741379387763 1.529788811422404 293
1741379387798 1.5283797076256254 294
1741379387834 1.5266880499525042 295
1741379387868 1.5240759842842266 296
1741379387905 1.522317232313902 297
1741379387939 1.5205842276221213 298
1741379387971 1.519052532897676 299
1741379388003 1.517805309366519 300
1741379388036 1.5162586170594128 301
1741379388070 1.5136711052056855 302
1741379388101 1.5120718702689584 303
1741379388132 1.5102871091269683 304
1741379388162 1.5081103340491502 305
1741379388198 1.5065249567623564 306
1741379388233 1.5044821725925737 307
1741379388268 1.5021655097948143 308
1741379388303 1.500510550966336 309
1741379388337 1.4989830979398562 310
1741379388368 1.4971780533044896 311
1741379388401 1.4951890558811447 312
1741379388437 1.4931580798261892 313
1741379388470 1.4919736472838612 314
1741379388506 1.4903590586765314 315
1741379388543 1.4888433368499359 316
1741379388581 1.4869137949098374 317
1741379388614 1.4853106983537554 318
1741379388647 1.4838588865062703 319
1741379388680 1.4821965445574112 320
1741379388715 1.4805482883703784 321
1741379388747 1.478499895650551 322
1741379388782 1.476714485802205 323
1741379388819 1.4749913931689542 324
1741379388856 1.4729797935402498 325
1741379388890 1.4706587285555657 326
1741379388925 1.4688036214904518 327
1741379388959 1.467161010388244 328
1741379388988 1.4659647653120087 329
1741379389026 1.4644409726786076 330
1741379389059 1.4622010141718267 331
1741379389094 1.4603443353599632 332
1741379389130 1.4587824455803122 333
1741379389163 1.4570649559875941 334
1741379389200 1.4557705596543626 335
1741379389233 1.4544422109614399 336
1741379389269 1.4523725053711818 337
1741379389300 1.4509500340015682 338
1741379389332 1.4495325766112643 339
1741379389366 1.448062994964938 340
1741379389399 1.446631789410321 341
1741379389432 1.44537203148315 342
1741379389462 1.4441764750660475 343
1741379389496 1.4426124787672814 344
1741379389530 1.4412747958647556 345
1741379389561 1.4393963159455327 346
1741379389598 1.4372168956714124 347
1741379389629 1.4361836287598557 348
1741379389663 1.4345810602176292 349
1741379389694 1.4334445418673436 350
1741379389727 1.4320847589050947 351
1741379389758 1.4309211375768363 352
1741379389795 1.4291109239865867 353
1741379389829 1.4275090866413114 354
1741379389864 1.4263163742322005 355
1741379389899 1.4251095950965103 356
1741379389936 1.4239361835091773 357
1741379389972 1.4228002830777111 358
1741379390007 1.421389472293731 359
1741379390042 1.4199296927255496 360
1741379390086 1.4185554613583198 361
1741379390117 1.4173981394826045 362
1741379390154 1.416092624217037 363
1741379390190 1.4149056421557273 364
1741379390224 1.413929966016686 365
1741379390258 1.4122740536435827 366
1741379390291 1.4108016635828742 367
1741379390325 1.4096234305201751 368
1741379390359 1.4086298557989156 369
1741379390394 1.406882475926358 370
1741379390427 1.4049714950519057 371
1741379390459 1.4036421147325369 372
1741379390492 1.4020097038967234 373
1741379390520 1.4007816347397617 374
1741379390556 1.3993401645398582 375
1741379390589 1.397958653612347 376
1741379390626 1.396288959451735 377
1741379390658 1.3951469217575636 378
1741379390689 1.3937307341504732 379
1741379390722 1.392409864122032 380
1741379390755 1.3908497570358886 381
1741379390790 1.3896010881587815 382
1741379390826 1.3880422593217223 383
1741379390860 1.38675244610476 384
1741379390896 1.3848468229969988 385
1741379390934 1.3831072509028854 386
1741379390971 1.3812729697931447 387
1741379391005 1.3799037843006707 388
1741379391040 1.3785443636122892 389
1741379391075 1.3774825517249467 390
1741379391106 1.3759320358088079 391
1741379391138 1.3743310798023856 392
1741379391173 1.3729307396252437 393
1741379391210 1.371323378786669 394
1741379391241 1.3696676238289356 395
1741379391275 1.3686300489031515 396
1741379391310 1.3672214631190536 397
1741379391341 1.3654679355937371 398
1741379391376 1.3639652140378855 399
