1741458212548 7.288302862523124 1
1741458212600 6.87846433459603 2
1741458212648 6.50254856869783 3
1741458212696 6.173632596418218 4
1741458212743 5.878531518651737 5
1741458212775 5.623056857963637 6
1741458212823 5.389557103912481 7
1741458212855 5.168637170768035 8
1741458212902 4.97755751987137 9
1741458212940 4.794409998536262 10
1741458212988 4.6321447629219294 11
1741458213037 4.474941483668967 12
1741458213066 4.3410020550024475 13
1741458213093 4.212268049299933 14
1741458213125 4.092195688419397 15
1741458213157 3.9799376914781655 16
1741458213205 3.8739288136350707 17
1741458213237 3.78082518047588 18
1741458213269 3.6894807121761946 19
1741458213301 3.60986793079182 20
1741458213350 3.543842455189984 21
1741458213402 3.4768270616612984 22
1741458213445 3.4084772758764905 23
1741458213493 3.3461205484427006 24
1741458213541 3.2851672341635503 25
1741458213573 3.231667304820273 26
1741458213605 3.183365251729682 27
1741458213637 3.1365232040509623 28
1741458213685 3.0934371773201033 29
1741458213718 3.054623632038295 30
1741458213765 3.016938543625885 31
1741458213814 2.98137269092693 32
1741458213862 2.9471307786439973 33
1741458213925 2.914929825607408 34
1741458213973 2.88953969559734 35
1741458214020 2.858404207745593 36
1741458214069 2.8322534344650614 37
1741458214101 2.809203768473996 38
1741458214148 2.7857746990607537 39
1741458214180 2.767260404838189 40
1741458214228 2.7485230854877236 41
1741458214276 2.7311879894950866 42
1741458214292 2.7143927775011742 43
1741458214340 2.69374792825066 44
1741458214372 2.6762941773572106 45
1741458214404 2.6625014981432873 46
1741458214436 2.6475256053292737 47
1741458214468 2.6343281125240146 48
1741458214515 2.620656461634464 49
1741458214553 2.608245952099151 50
1741458214602 2.596221093038726 51
1741458214644 2.5821061212339638 52
1741458214720 2.5722329941474626 53
1741458214801 2.5600959803391206 54
1741458214870 2.5509555427749184 55
1741458214913 2.542645569346484 56
1741458214960 2.5317601869748696 57
1741458214993 2.5236623136640213 58
1741458215030 2.5169864092477434 59
1741458215072 2.509814190879317 60
1741458215104 2.5019907154389274 61
1741458215152 2.4962936530095083 62
1741458215184 2.4891124436183683 63
1741458215232 2.482467803978774 64
1741458215280 2.4739996274907146 65
1741458215327 2.467164407914837 66
1741458215375 2.462363646510123 67
1741458215407 2.45327010641934 68
1741458215439 2.446099246076173 69
1741458215496 2.4407211523388987 70
1741458215535 2.4352637069185685 71
1741458215598 2.4309309652591224 72
1741458215651 2.424625811451222 73
1741458215693 2.421080713507829 74
1741458215738 2.4160454467159647 75
1741458215774 2.411796481964489 76
1741458215815 2.4043408533359494 77
1741458215853 2.3981023599969085 78
1741458215905 2.388902373627026 79
1741458215941 2.382479308647088 80
1741458215979 2.37734894451819 81
1741458216011 2.370350136074887 82
1741458216059 2.3639702593114937 83
1741458216091 2.358060669756335 84
1741458216123 2.354369956260822 85
1741458216170 2.348431447432172 86
1741458216213 2.340524570643015 87
1741458216274 2.336841918864735 88
1741458216316 2.331823541180884 89
1741458216362 2.3281156700558685 90
1741458216393 2.320742435847528 91
1741458216441 2.313024535363156 92
1741458216510 2.3095896957163697 93
1741458216553 2.305982393581332 94
1741458216601 2.303423197369824 95
1741458216633 2.299571106925516 96
1741458216680 2.2962293615635967 97
1741458216712 2.291277287577117 98
1741458216744 2.2872241958642947 99
1741458216798 2.2810790653781763 100
1741458216840 2.2765617867011554 101
1741458216872 2.271325275510777 102
1741458216919 2.268084630914162 103
1741458216967 2.2654971835473496 104
1741458217015 2.26010010327826 105
1741458217047 2.255553393270805 106
1741458217111 2.248371883176789 107
1741458217143 2.2449249311563375 108
1741458217191 2.2407960278873684 109
1741458217239 2.2386033769704716 110
1741458217271 2.234971439999119 111
1741458217302 2.2294509520691657 112
1741458217350 2.226466222459193 113
1741458217382 2.2225303421636555 114
1741458217414 2.2196879668682423 115
1741458217446 2.2148594138977415 116
1741458217497 2.2101324678696064 117
1741458217541 2.2056461001109677 118
1741458217573 2.2027324568062996 119
1741458217621 2.1980177595974366 120
1741458217653 2.193642555338469 121
1741458217685 2.1892667155173453 122
1741458217700 2.1849401216281645 123
1741458217742 2.1822308122745433 124
1741458217780 2.179446179009591 125
1741458217812 2.1750186998990966 126
1741458217876 2.1718881260613987 127
1741458217926 2.1680735610172635 128
1741458217988 2.1649041238646674 129
1741458218052 2.162412652414111 130
1741458218115 2.15839286260497 131
1741458218179 2.1528586432936434 132
1741458218228 2.1496020069386317 133
1741458218291 2.144790891414596 134
1741458218355 2.1414346797961703 135
1741458218418 2.1382690737878907 136
1741458218450 2.1352646082290665 137
1741458218514 2.1306314968157163 138
1741458218578 2.1280063694451905 139
1741458218642 2.124218008033296 140
1741458218706 2.121413412164174 141
1741458218753 2.1182800028096582 142
1741458218817 2.115306034828215 143
1741458218864 2.111346775223645 144
1741458218896 2.1079930826692697 145
1741458218950 2.1059816490671794 146
1741458218975 2.103514803779013 147
1741458219043 2.1010440586462744 148
1741458219087 2.0982402964941103 149
1741458219167 2.0946616168360603 150
1741458219215 2.0919765504794654 151
1741458219281 2.0905082794505265 152
1741458219342 2.087356724438334 153
1741458219406 2.085056916601929 154
1741458219469 2.0826281222134 155
1741458219501 2.08004343736789 156
1741458219565 2.0783498478161637 157
1741458219597 2.075388551627679 158
1741458219648 2.0737991708129897 159
1741458219693 2.0706907739991975 160
1741458219742 2.067724250662905 161
1741458219806 2.066258201441601 162
1741458219854 2.063369756318378 163
1741458219901 2.0611414525558924 164
1741458219936 2.059380910099019 165
1741458219965 2.057025414147653 166
1741458220028 2.0545354092724457 167
1741458220092 2.0522313244972405 168
1741458220139 2.0504454705256254 169
1741458220207 2.047111207519341 170
1741458220267 2.0445580527928993 171
1741458220315 2.0415851284808517 172
1741458220347 2.0393466083255887 173
1741458220395 2.0375435389161285 174
1741458220444 2.034792623938254 175
1741458220476 2.0321613893332855 176
1741458220524 2.030442282416229 177
1741458220571 2.0291020695209023 178
1741458220635 2.0272059064551557 179
1741458220683 2.0246951011632026 180
1741458220747 2.0223530264133713 181
1741458220801 2.02091620409359 182
1741458220842 2.01887691910696 183
1741458220874 2.0169653598873056 184
1741458220922 2.0148114070956598 185
1741458220953 2.012330294527081 186
1741458221001 2.0104494257895085 187
1741458221049 2.0078625884360592 188
1741458221080 2.0060747894082134 189
1741458221112 2.004058904627524 190
1741458221159 2.001670442490576 191
1741458221191 2.0006144680186737 192
1741458221223 1.9984500175484607 193
1741458221254 1.9971323627498192 194
1741458221302 1.994410318980766 195
1741458221350 1.992999458200257 196
1741458221381 1.9902247516507487 197
1741458221429 1.9874545463419047 198
1741458221461 1.9861767070940117 199
1741458221508 1.9849146932822843 200
1741458221540 1.9841176152629654 201
1741458221572 1.9829881338716913 202
1741458221619 1.9809930797694502 203
1741458221683 1.979172218768709 204
1741458221730 1.9770429605081967 205
1741458221778 1.9755346484737963 206
1741458221826 1.9741704443984345 207
1741458221873 1.972550992451433 208
1741458221921 1.9722548956185662 209
1741458221969 1.9710746784738895 210
1741458222032 1.968319953922067 211
1741458222095 1.967592946396981 212
1741458222159 1.9650528897583819 213
1741458222207 1.9621675239504723 214
1741458222270 1.9603624372174662 215
1741458222302 1.9581179462226663 216
1741458222349 1.9567926540015042 217
1741458222381 1.9552728985378356 218
1741458222429 1.9535199253182618 219
1741458222492 1.9516812384329125 220
1741458222540 1.9502466221453103 221
1741458222603 1.9493341413115004 222
1741458222651 1.9467645783108645 223
1741458222699 1.9465188889260876 224
1741458222747 1.946020844928553 225
1741458222794 1.9458006679980324 226
1741458222826 1.9436432449308967 227
1741458222858 1.941134567342954 228
1741458222905 1.9393422081594252 229
1741458222937 1.9371128807652729 230
1741458222969 1.9357712462781749 231
1741458223001 1.9335712376521557 232
1741458223032 1.9316989443999717 233
1741458223080 1.93002632132739 234
1741458223127 1.9276471001952105 235
1741458223175 1.9253226836157908 236
1741458223223 1.923781378352401 237
1741458223270 1.9221787964505914 238
1741458223318 1.9199723115833232 239
1741458223366 1.9176447145820252 240
1741458223429 1.9174690651605684 241
1741458223477 1.9151805100480714 242
1741458223540 1.9143666677220585 243
1741458223604 1.914165854635101 244
1741458223636 1.912919993790252 245
1741458223683 1.9111859265767464 246
1741458223731 1.9093095118933607 247
1741458223794 1.9079515084032321 248
1741458223858 1.9066829570385595 249
1741458223905 1.904638911295805 250
1741458223937 1.9044833301755815 251
1741458223969 1.9023836480771694 252
1741458224017 1.9008764741944548 253
1741458224064 1.8997604136524833 254
1741458224098 1.8991026615595028 255
1741458224128 1.8978426029382274 256
1741458224144 1.89654484950706 257
1741458224175 1.8944478745616782 258
1741458224223 1.8932593910420652 259
1741458224271 1.8928500585481194 260
1741458224318 1.8918504657150865 261
1741458224366 1.8902765472860266 262
1741458224397 1.8883743129384727 263
1741458224445 1.8867983251636582 264
1741458224477 1.8859439960207771 265
1741458224524 1.8847593608337485 266
1741458224556 1.8838268866276398 267
1741458224603 1.8816350290948807 268
1741458224635 1.8802938321266491 269
1741458224683 1.8794728298277985 270
1741458224714 1.878151037796962 271
1741458224778 1.876929013030048 272
1741458224825 1.8764162840873022 273
1741458224873 1.8753792175265622 274
1741458224936 1.8734320486071367 275
1741458224984 1.8715462781636711 276
1741458225032 1.8702727009050553 277
1741458225079 1.8684195193719064 278
1741458225143 1.866961917818607 279
1741458225175 1.8657687407907568 280
1741458225238 1.8646736492631941 281
1741458225302 1.8626963435739776 282
1741458225354 1.8615890048274755 283
1741458225381 1.8600161054766489 284
1741458225429 1.857831995171016 285
1741458225476 1.8564462357467932 286
1741458225540 1.8543454878680987 287
1741458225587 1.8522025605615051 288
1741458225619 1.8506801606418672 289
1741458225667 1.849140719510641 290
1741458225714 1.8479402000068885 291
1741458225762 1.8462638542449477 292
1741458225794 1.844777551118346 293
1741458225825 1.8434406359715378 294
1741458225889 1.8421548247848598 295
1741458225937 1.8411007763138807 296
1741458225993 1.8404267371507987 297
1741458226047 1.8388883186305298 298
1741458226110 1.8374253649413284 299
1741458226158 1.8368342210718873 300
1741458226205 1.8360283650943428 301
1741458226237 1.8337818231760952 302
1741458226285 1.8319096205949015 303
1741458226317 1.8310508955079896 304
1741458226380 1.8298003469944633 305
1741458226428 1.8289842597218242 306
1741458226476 1.8277260935408073 307
1741458226539 1.82543415192752 308
1741458226603 1.8238262486175965 309
1741458226666 1.8225867160225533 310
1741458226714 1.8206483649612526 311
1741458226761 1.819363546636762 312
1741458226793 1.8175735778964937 313
1741458226841 1.8162586965595429 314
1741458226889 1.8152569602908788 315
1741458226920 1.813874209418214 316
1741458226968 1.812733548082944 317
1741458227016 1.811011661117361 318
1741458227063 1.8088255437116778 319
1741458227111 1.8079019228600952 320
1741458227159 1.8056741477590585 321
1741458227206 1.8039118576865065 322
1741458227269 1.8029039722449232 323
1741458227317 1.8016390877298578 324
1741458227349 1.800378487854555 325
1741458227396 1.7987808533284342 326
1741458227428 1.797747371488063 327
1741458227476 1.7964469438395954 328
1741458227524 1.7953259134820232 329
1741458227587 1.7941270414734118 330
1741458227632 1.793184241674614 331
1741458227667 1.7920855680140528 332
1741458227698 1.7909139119511654 333
1741458227730 1.7904053408449756 334
1741458227762 1.788878525152826 335
1741458227809 1.7875574233629954 336
1741458227873 1.7864537120081552 337
1741458227921 1.7847992357478606 338
1741458227968 1.7838909757821122 339
1741458228000 1.7826429402944741 340
1741458228031 1.7822342980962813 341
1741458228063 1.7809789329204948 342
1741458228095 1.7798482231380557 343
1741458228142 1.7784468705253065 344
1741458228174 1.7770087047349326 345
1741458228206 1.7754803971811721 346
1741458228253 1.7747532837039017 347
1741458228285 1.773413744890557 348
1741458228333 1.7718084273600418 349
1741458228380 1.7704799959512676 350
1741458228444 1.7694192791037573 351
1741458228492 1.7683720021538725 352
1741458228539 1.7669905525647913 353
1741458228602 1.7660314468447984 354
1741458228650 1.7645335118942678 355
1741458228682 1.76351026656252 356
1741458228713 1.763015899701961 357
1741458228745 1.7625428259735592 358
1741458228777 1.7615797702157425 359
1741458228808 1.7597770534341395 360
1741458228840 1.7587345159154246 361
1741458228903 1.7576312708603459 362
1741458228967 1.7575099516829642 363
1741458228998 1.756558121297964 364
1741458229046 1.7551865645295985 365
1741458229109 1.7541314872341718 366
1741458229189 1.753552597038574 367
1741458229221 1.751946718533638 368
1741458229253 1.7506731641440332 369
1741458229285 1.7497312561500962 370
1741458229332 1.7485982025359426 371
1741458229364 1.7470876894303509 372
1741458229396 1.7464925046399853 373
1741458229443 1.7454137047130955 374
1741458229491 1.7444913645889435 375
1741458229539 1.7432972949596444 376
1741458229570 1.742001589070232 377
1741458229618 1.7408552052538515 378
1741458229650 1.7393366267083743 379
1741458229713 1.7385241154397504 380
1741458229745 1.737653525507456 381
1741458229793 1.7364998635361582 382
1741458229840 1.7358369550494053 383
1741458229888 1.7343460956791532 384
1741458229936 1.7338131944694226 385
1741458229983 1.7329678890875315 386
1741458230031 1.731742811127596 387
1741458230094 1.7315840343448983 388
1741458230126 1.7304030583285641 389
1741458230189 1.7289518928677403 390
1741458230253 1.7278786655467846 391
1741458230301 1.7260549239291516 392
1741458230332 1.7250947288569967 393
1741458230380 1.723614149952138 394
1741458230412 1.7225987429634324 395
1741458230459 1.7214093108191901 396
1741458230501 1.7199127184022103 397
1741458230539 1.7185469478797153 398
1741458230571 1.718009456229895 399
1741458230634 1.7168856544015554 400
1741458230682 1.7161417814900044 401
1741458230729 1.7152363675662854 402
1741458230777 1.7137016086950774 403
1741458230824 1.7119035841621495 404
1741458230872 1.7105952954342796 405
1741458230903 1.7101612473593149 406
1741458230935 1.7088769741257115 407
1741458230983 1.708603084610101 408
1741458231015 1.7074491018294031 409
1741458231062 1.7057587374408762 410
1741458231110 1.7042148749681265 411
1741458231157 1.7033174645631544 412
1741458231221 1.7026040741644868 413
1741458231269 1.701233330284415 414
1741458231300 1.700426443971424 415
1741458231348 1.6993769518942334 416
1741458231396 1.6987393864282372 417
1741458231443 1.697364783099438 418
1741458231507 1.696436320230143 419
1741458231570 1.6947217682773867 420
1741458231618 1.6935011478333226 421
1741458231666 1.6917219384513333 422
1741458231713 1.690132572134999 423
1741458231751 1.6887147293279121 424
1741458231777 1.6872756787903875 425
1741458231824 1.6862505435826374 426
1741458231859 1.6854171955423944 427
1741458231888 1.6844282303066844 428
1741458231936 1.682872877453212 429
1741458231983 1.6817877161258288 430
1741458232015 1.6810772124514382 431
1741458232046 1.6793914002398587 432
1741458232094 1.6785893360229294 433
1741458232141 1.6773472554743616 434
1741458232189 1.6764480347169908 435
1741458232252 1.6752400449062552 436
1741458232299 1.673987982430277 437
1741458232347 1.6733107965065963 438
1741458232410 1.6723298120393706 439
1741458232473 1.670987506678633 440
1741458232505 1.6698857363508013 441
1741458232568 1.6690375958617762 442
1741458232631 1.6677459646473145 443
1741458232695 1.6660901483909634 444
1741458232758 1.6652030434793155 445
1741458232790 1.6641678426054156 446
1741458232821 1.663338905226288 447
1741458232853 1.6630978241476255 448
1741458232900 1.6630548885304113 449
1741458232932 1.6613951313826723 450
1741458232964 1.6601561462424637 451
1741458233012 1.6588042093502495 452
1741458233043 1.6575906443442738 453
1741458233091 1.6562071445549966 454
1741458233139 1.6551244945839156 455
1741458233187 1.6544131973130083 456
1741458233250 1.6530490914247173 457
1741458233313 1.6516613073299051 458
1741458233361 1.6509440971494913 459
1741458233409 1.6500389128759698 460
1741458233472 1.648772856606362 461
1741458233567 1.6479738396606685 462
1741458233630 1.6465296340105924 463
1741458233709 1.6453728710139135 464
1741458233772 1.6446278822349436 465
1741458233835 1.6435570637552848 466
1741458233914 1.6424989687125569 467
1741458233977 1.641269916337928 468
1741458234056 1.6404526089369933 469
1741458234120 1.6393997794255533 470
1741458234183 1.6382391526809819 471
1741458234262 1.6370868812406985 472
1741458234325 1.6361586527368497 473
1741458234372 1.6350900545429021 474
1741458234420 1.634317546841058 475
1741458234452 1.6333205553166457 476
1741458234515 1.632371118864708 477
1741458234594 1.6310495975392787 478
1741458234658 1.6302453969028865 479
1741458234721 1.6288190302905503 480
1741458234768 1.6281015633770175 481
1741458234815 1.626954854648868 482
1741458234847 1.6265253970197102 483
1741458234895 1.6253832749466381 484
1741458234927 1.6243248835040074 485
1741458234974 1.6228482303785694 486
1741458235006 1.6218284557628873 487
1741458235038 1.6208920894699124 488
1741458235101 1.619357510787057 489
1741458235157 1.618599392788069 490
1741458235181 1.6177564278719634 491
1741458235229 1.616253840834185 492
1741458235292 1.6153245647864092 493
1741458235356 1.614639453962425 494
1741458235419 1.6135598857716047 495
1741458235469 1.6126447378903954 496
1741458235517 1.6115081030100389 497
1741458235564 1.610457071684307 498
1741458235628 1.609289255942264 499
1741458235675 1.6082360203074604 500
1741458235723 1.6072487344169568 501
1741458235755 1.6065123317436154 502
1741458235802 1.6053506567999583 503
1741458235834 1.6042880443539604 504
1741458235866 1.6034403064485918 505
1741458235913 1.6023390373208248 506
1741458235954 1.6012348022410763 507
1741458235993 1.6000239741185014 508
1741458236024 1.5989739332910617 509
1741458236072 1.597618103763907 510
1741458236120 1.597173442641212 511
1741458236167 1.5959899624915252 512
1741458236214 1.5948270749927795 513
1741458236246 1.5939225231987528 514
1741458236309 1.5926169493324 515
1741458236373 1.5921736736447074 516
1741458236420 1.5911014295655368 517
1741458236452 1.5900844486466579 518
1741458236515 1.5892079892775561 519
1741458236579 1.587882518596101 520
1741458236642 1.5869878158696114 521
1741458236690 1.5866491501203734 522
1741458236738 1.5853706094283337 523
1741458236801 1.5845489952947778 524
1741458236865 1.5836659799840023 525
1741458236928 1.5826706125034635 526
1741458236960 1.5819033663948223 527
1741458237023 1.580555536759059 528
1741458237071 1.579816130668182 529
1741458237134 1.5787788774076672 530
1741458237197 1.5785057378268794 531
1741458237277 1.5784382735164737 532
1741458237325 1.577582728828802 533
1741458237388 1.5766237797807345 534
1741458237451 1.5754087978656295 535
1741458237531 1.574940776401956 536
1741458237578 1.5732516918170343 537
1741458237610 1.5726043459679908 538
1741458237690 1.5718594012103715 539
1741458237737 1.5707782383326216 540
1741458237785 1.5696343611376251 541
1741458237833 1.568719740141857 542
1741458237912 1.5679416108566766 543
1741458237991 1.5671285010464941 544
1741458238039 1.5661849049249728 545
1741458238086 1.564892677232479 546
1741458238134 1.5638680968274215 547
1741458238213 1.5630436744211358 548
1741458238277 1.5619906361888904 549
1741458238356 1.5609601213521975 550
1741458238420 1.5608567916966265 551
1741458238483 1.5598054191689428 552
1741458238546 1.5589744187961199 553
1741458238626 1.5582868003148094 554
1741458238689 1.5572095949276605 555
1741458238737 1.557187955695469 556
1741458238800 1.556400086848964 557
1741458238864 1.555934745016444 558
1741458238944 1.5558406369560238 559
1741458239007 1.554542498227902 560
1741458239086 1.5532708228631262 561
1741458239165 1.5519518399312273 562
1741458239229 1.5505542445882121 563
1741458239276 1.5496766040529029 564
1741458239340 1.5495815583452885 565
1741458239404 1.5480372079351161 566
1741458239436 1.5479611787667467 567
1741458239483 1.5478763948145613 568
1741458239515 1.5477816470456822 569
1741458239562 1.546833429119711 570
1741458239609 1.545968865104459 571
1741458239657 1.5455654058836137 572
1741458239704 1.544245364265665 573
1741458239752 1.543580852180634 574
1741458239783 1.5435681630865352 575
1741458239831 1.5422792227255997 576
1741458239879 1.5412527058207017 577
1741458239926 1.5407440997197606 578
1741458239958 1.5407284453301036 579
1741458240021 1.539827048789331 580
1741458240069 1.5386189587045829 581
1741458240116 1.5375391401251555 582
1741458240164 1.5372882347116472 583
1741458240227 1.5362512870270588 584
1741458240275 1.5354247467295903 585
1741458240338 1.534406742785808 586
1741458240402 1.5343960050189505 587
1741458240449 1.5343872119424071 588
1741458240497 1.5338763191016689 589
1741458240544 1.5331362915553959 590
1741458240592 1.5320107793798372 591
1741458240640 1.5306525053269446 592
1741458240687 1.5295037971961414 593
1741458240751 1.5285066592352288 594
1741458240831 1.5276469551155774 595
1741458240878 1.5267041198595155 596
1741458240942 1.525695786095824 597
1741458240990 1.5249109571531312 598
1741458241053 1.5240737959154724 599
1741458241101 1.5230499178890387 600
1741458241149 1.5224231784505677 601
1741458241196 1.5215497753464156 602
1741458241275 1.5206563008264355 603
1741458241339 1.519579269160055 604
1741458241402 1.5188173729084824 605
1741458241450 1.5180985326292085 606
1741458241498 1.5176236626474302 607
1741458241577 1.5175939242380023 608
1741458241625 1.515899841680709 609
1741458241704 1.515238834985939 610
1741458241768 1.5145194277375353 611
1741458241832 1.5135670799905745 612
1741458241895 1.5125184727629915 613
1741458241958 1.5111274450106558 614
1741458242006 1.5105246869165776 615
1741458242054 1.5094405834453262 616
1741458242101 1.5081795997172227 617
1741458242149 1.5072533353426276 618
1741458242228 1.5059352903324095 619
1741458242292 1.505366258154386 620
1741458242323 1.504467961067505 621
1741458242387 1.5032290588435242 622
1741458242450 1.5021631083457092 623
1741458242514 1.5013023146106246 624
1741458242593 1.500138002486038 625
1741458242641 1.4991583129042263 626
1741458242704 1.4984777735633314 627
1741458242783 1.497899450638893 628
1741458242846 1.4971922923323815 629
1741458242878 1.4966396425940127 630
1741458242957 1.4952896699810807 631
1741458243020 1.4945092382196723 632
1741458243084 1.493600247488022 633
1741458243131 1.4926728303381949 634
1741458243211 1.4919660884463 635
1741458243274 1.4901167215948894 636
1741458243321 1.4888824809182568 637
1741458243369 1.4879336918819703 638
1741458243448 1.4870345323551997 639
1741458243511 1.486408332709046 640
1741458243575 1.4857102041351813 641
1741458243638 1.4848885116333395 642
1741458243717 1.4842225476567088 643
1741458243781 1.4835005113068405 644
1741458243844 1.4825487347746653 645
1741458243891 1.4814860388750772 646
1741458243955 1.4805020472763608 647
1741458244002 1.4795643060142676 648
1741458244066 1.4788071956986475 649
1741458244145 1.4779338553206738 650
1741458244209 1.476632595569769 651
1741458244256 1.475673250662982 652
1741458244335 1.4748658449523888 653
1741458244399 1.4739539030596296 654
1741458244446 1.4734434020107152 655
1741458244510 1.4721399504798962 656
1741458244557 1.4715432380428919 657
1741458244620 1.4705952888561438 658
1741458244683 1.4698116879601815 659
1741458244747 1.4686961627221453 660
1741458244810 1.4678773974799828 661
1741458244874 1.4664576307008244 662
1741458244922 1.4659598581834623 663
1741458244985 1.4651206489626818 664
1741458245033 1.4643451094737912 665
1741458245113 1.4632186824136937 666
1741458245176 1.4625190223417897 667
1741458245256 1.4615007030821119 668
1741458245319 1.4607167519824074 669
1741458245383 1.4601457347056384 670
1741458245462 1.459365990933402 671
1741458245526 1.4585694501246909 672
1741458245589 1.4576474146869076 673
1741458245669 1.456679232232799 674
1741458245716 1.4556535582185703 675
1741458245780 1.4545732035262546 676
1741458245827 1.4536627415147994 677
1741458245891 1.4530058932566468 678
1741458245970 1.451651082858692 679
1741458246049 1.4508033273341212 680
1741458246129 1.4500680917812505 681
1741458246192 1.4493553914509867 682
1741458246272 1.4483353508825674 683
1741458246335 1.4481116019910045 684
1741458246414 1.4478466527556684 685
1741458246478 1.4466399036104056 686
1741458246557 1.4457486014267276 687
1741458246621 1.4450148869352344 688
1741458246700 1.4440173970565438 689
1741458246748 1.4434162557710637 690
1741458246779 1.442709272047203 691
1741458246827 1.4423993188502662 692
1741458246890 1.4417659563742278 693
1741458246937 1.4409250351338736 694
1741458246984 1.4403624165725168 695
1741458247036 1.4400332854032463 696
1741458247079 1.4391671556163645 697
1741458247111 1.4383929944664067 698
1741458247174 1.4374861756878259 699
1741458247237 1.436592996936207 700
