1741379398113 7.366619678665711 0
1741379398139 7.025286694352376 1
1741379398163 6.729181405641227 2
1741379398188 6.458559477157849 3
1741379398210 6.225952979377467 4
1741379398236 5.99108722264488 5
1741379398258 5.779992085976176 6
1741379398281 5.478781026958489 7
1741379398305 5.206824069360789 8
1741379398328 4.958202748276263 9
1741379398352 4.8093156061652165 10
1741379398376 4.596149640652656 11
1741379398402 4.418059533205538 12
1741379398426 4.305265918323655 13
1741379398450 4.1941543829306935 14
1741379398472 4.045494171230132 15
1741379398496 3.9104253424823328 16
1741379398522 3.793164859335385 17
1741379398558 3.6829741875439224 18
1741379398579 3.606878727342987 19
1741379398603 3.4993383693725817 20
1741379398627 3.393887061762478 21
1741379398653 3.317726762769137 22
1741379398675 3.236507525199014 23
1741379398700 3.1641838301464222 24
1741379398722 3.098682204497878 25
1741379398748 3.043668833527875 26
1741379398770 2.9917220968556135 27
1741379398797 2.9403194505995733 28
1741379398824 2.8885249645741746 29
1741379398849 2.8441381957543377 30
1741379398879 2.8010821234154073 31
1741379398906 2.757635645548796 32
1741379398932 2.7198580052354018 33
1741379398958 2.684957809191676 34
1741379398984 2.6533155008525497 35
1741379399009 2.624087048422806 36
1741379399033 2.5969230869421365 37
1741379399059 2.5689109680458997 38
1741379399083 2.5434615628792305 39
1741379399109 2.519279043841391 40
1741379399134 2.4926048381855317 41
1741379399159 2.4681779231612366 42
1741379399195 2.4477385872193618 43
1741379399225 2.43126774833795 44
1741379399250 2.4102885409266586 45
1741379399273 2.3930658161115472 46
1741379399301 2.3726838887186563 47
1741379399324 2.3550910328184895 48
1741379399349 2.337437295555961 49
1741379399372 2.3238886301693307 50
1741379399397 2.308164185735227 51
1741379399421 2.291163404230565 52
1741379399444 2.2785051856969227 53
1741379399470 2.2645610844386175 54
1741379399490 2.254604973691089 55
1741379399514 2.242621625489453 56
1741379399540 2.2321077159081844 57
1741379399566 2.2207835303046233 58
1741379399589 2.2102636120738 59
1741379399615 2.2009087302045973 60
1741379399641 2.1911117765318946 61
1741379399666 2.182854921078114 62
1741379399691 2.175665670383617 63
1741379399717 2.1676541868017187 64
1741379399741 2.157515821054861 65
1741379399767 2.1497588580527522 66
1741379399793 2.141013957992577 67
1741379399821 2.1338023285650594 68
1741379399847 2.126959369726628 69
1741379399872 2.1201515534432667 70
1741379399898 2.112712412319909 71
1741379399922 2.105863011499357 72
1741379399946 2.0999094348272505 73
1741379399972 2.094603337680598 74
1741379399998 2.0855414477883527 75
1741379400023 2.0778711506977676 76
1741379400047 2.0710990254002404 77
1741379400073 2.063612216504066 78
1741379400097 2.0584167386398815 79
1741379400122 2.051248510166488 80
1741379400146 2.0465723859045646 81
1741379400172 2.0412546351182974 82
1741379400196 2.0352747088095864 83
1741379400222 2.0264280843170197 84
1741379400248 2.0210687366465825 85
1741379400274 2.0161927267164685 86
1741379400298 2.0111605174948157 87
1741379400322 2.0052571614292485 88
1741379400343 1.999961217152842 89
1741379400367 1.9929894904644212 90
1741379400389 1.986779031736228 91
1741379400417 1.9803137007792548 92
1741379400441 1.9762254203401834 93
1741379400463 1.9727092184014454 94
1741379400487 1.9678213465700116 95
1741379400510 1.9619115099995996 96
1741379400532 1.9577936560746316 97
1741379400556 1.953324833141227 98
1741379400581 1.947421861622491 99
1741379400605 1.941780841068496 100
1741379400631 1.9379123250253683 101
1741379400652 1.9323065465173388 102
1741379400675 1.9272786489503642 103
1741379400698 1.9199121269981987 104
1741379400720 1.9155492046177065 105
1741379400742 1.9119259725192566 106
1741379400764 1.9074810380488256 107
1741379400785 1.9001277886555963 108
1741379400808 1.8952311301339864 109
1741379400834 1.8915690132493768 110
1741379400858 1.8882738126502856 111
1741379400880 1.8834513111907456 112
1741379400901 1.8810115583080345 113
1741379400923 1.8766858966740774 114
1741379400945 1.8714075254682472 115
1741379400966 1.8664551352316265 116
1741379400987 1.862054914422729 117
1741379401008 1.85814556653891 118
1741379401031 1.854190487408731 119
1741379401054 1.8487752380339397 120
1741379401074 1.8456769445455454 121
1741379401095 1.8418731014916754 122
1741379401115 1.8382250117091832 123
1741379401138 1.834162323663198 124
1741379401158 1.831579568227756 125
1741379401179 1.828191820250739 126
1741379401199 1.824748440346345 127
1741379401222 1.8208723200267656 128
1741379401245 1.8182132973817902 129
1741379401267 1.81485295419891 130
1741379401288 1.8119096607872351 131
1741379401309 1.8079769563462722 132
1741379401329 1.8036451143106609 133
1741379401352 1.8012607710097628 134
1741379401375 1.7979027925997553 135
1741379401399 1.7932968334493757 136
1741379401429 1.790144773068295 137
1741379401460 1.7875838457019326 138
1741379401480 1.7850522145252932 139
1741379401502 1.7817999725195104 140
1741379401524 1.7783722183993005 141
1741379401547 1.775034077617353 142
1741379401568 1.7716156698721646 143
1741379401594 1.7686425834725021 144
1741379401616 1.7656253160422477 145
1741379401638 1.7628400107144109 146
1741379401660 1.759639152889847 147
1741379401684 1.7559657601024756 148
1741379401708 1.7537806287031068 149
1741379401732 1.7512984738064756 150
1741379401757 1.7472415670374113 151
1741379401782 1.745056729741665 152
1741379401805 1.7431567407278685 153
1741379401828 1.7397643119874222 154
1741379401851 1.7358790307901064 155
1741379401875 1.7326603947379644 156
1741379401898 1.7293243496980504 157
1741379401923 1.7268830353303861 158
1741379401944 1.7243164556769388 159
1741379401969 1.7200585750229964 160
1741379401991 1.717178082199163 161
1741379402012 1.7136334203764156 162
1741379402033 1.711429242879661 163
1741379402055 1.7092209838413532 164
1741379402086 1.7078689433422092 165
1741379402107 1.7049336567689641 166
1741379402130 1.7020850493236948 167
1741379402153 1.6997042939174747 168
1741379402174 1.6978440378841528 169
1741379402196 1.696390097051645 170
1741379402220 1.6933727696744976 171
1741379402243 1.6908551596589227 172
1741379402265 1.6864058819599768 173
1741379402286 1.6851315011135815 174
1741379402307 1.6815298657578608 175
1741379402331 1.67795180769584 176
1741379402351 1.6751746547915027 177
1741379402373 1.6721945030858758 178
1741379402394 1.6698103638469928 179
1741379402416 1.667855839924423 180
1741379402437 1.6650298301548347 181
1741379402461 1.662226634417394 182
1741379402485 1.6594317369853222 183
1741379402507 1.6571342729082978 184
1741379402529 1.6551688393790456 185
1741379402552 1.6522671020213617 186
1741379402573 1.6505798954341824 187
1741379402595 1.6490273022585085 188
1741379402617 1.6458595210506952 189
1741379402639 1.6435707458237183 190
1741379402661 1.640537451251108 191
1741379402683 1.6380425267617418 192
1741379402705 1.6351276945559412 193
1741379402730 1.6333634906322971 194
1741379402755 1.6308452642486577 195
1741379402779 1.6296975288763034 196
1741379402811 1.6280575185892823 197
1741379402835 1.625774693319033 198
1741379402857 1.622878865353645 199
1741379402882 1.618988532127533 200
1741379402902 1.6167115919550654 201
1741379402928 1.614817295677961 202
1741379402950 1.6123552883531174 203
1741379402972 1.6113988363332088 204
1741379402994 1.6091849462648722 205
1741379403016 1.6061801488300276 206
1741379403038 1.604819053628464 207
1741379403061 1.6031440653593905 208
1741379403085 1.6007437652614516 209
1741379403106 1.5994053723190969 210
1741379403127 1.5971106985092485 211
1741379403149 1.5958576164808633 212
1741379403170 1.5942511462429785 213
1741379403191 1.592341548074935 214
1741379403214 1.5891881275091382 215
1741379403237 1.587198789593159 216
1741379403257 1.584387640771922 217
1741379403280 1.582553331618842 218
1741379403300 1.5800810054342482 219
1741379403323 1.5771120147457325 220
1741379403343 1.574529659283329 221
1741379403364 1.5729203935650649 222
1741379403385 1.5692091073049461 223
1741379403407 1.5668545293573681 224
1741379403428 1.5658645759819367 225
1741379403451 1.5638957366736876 226
1741379403471 1.562539628321654 227
1741379403494 1.5603653404267404 228
1741379403515 1.5584222537537638 229
1741379403536 1.5559935885206357 230
1741379403559 1.553223882153183 231
1741379403581 1.5517021580081052 232
1741379403604 1.548401062794139 233
1741379403626 1.5473153635086996 234
1741379403647 1.5455900321129334 235
1741379403670 1.542836706664515 236
1741379403690 1.5408254633689666 237
1741379403711 1.539135060099814 238
1741379403732 1.5382036127943404 239
1741379403753 1.5372852489436413 240
1741379403772 1.5363385814865493 241
1741379403794 1.5350786012967548 242
1741379403813 1.5324673904893118 243
1741379403836 1.531456931077502 244
1741379403857 1.5293198240028674 245
1741379403877 1.5275746010347397 246
1741379403899 1.526436438615353 247
1741379403920 1.5248190043623306 248
1741379403942 1.5227680261998409 249
1741379403964 1.5197301827141867 250
1741379403985 1.5174039096219885 251
1741379404006 1.5147996362641287 252
1741379404027 1.5129320438163556 253
1741379404049 1.5100616006066276 254
1741379404070 1.5092123795166879 255
1741379404093 1.5080650482702311 256
1741379404117 1.5068901356481297 257
1741379404138 1.5045768240905026 258
1741379404163 1.5037005821392049 259
1741379404185 1.5013477663970638 260
1741379404208 1.499565013400346 261
1741379404231 1.498369639879804 262
1741379404257 1.4961096806049974 263
1741379404286 1.4937064980088315 264
1741379404317 1.491213818546497 265
1741379404343 1.4886662872901384 266
1741379404371 1.486136395838733 267
1741379404398 1.484328340350134 268
1741379404422 1.483513861981001 269
1741379404449 1.4825363196702601 270
1741379404476 1.4804259666541315 271
1741379404499 1.4793337797733135 272
1741379404523 1.4770680084327463 273
1741379404547 1.4747038304501896 274
1741379404569 1.473097862618459 275
1741379404595 1.4723626978391855 276
1741379404617 1.470287194237566 277
1741379404640 1.4689162969185878 278
1741379404663 1.4669710048690416 279
1741379404685 1.4661249796694522 280
1741379404707 1.4643814347507234 281
1741379404730 1.4624731713896981 282
1741379404755 1.460344802138986 283
1741379404779 1.4574415667661378 284
1741379404806 1.4555495736825368 285
1741379404830 1.4545453481062804 286
1741379404854 1.4519908196145956 287
1741379404878 1.4503847333990274 288
1741379404902 1.4484033406582444 289
1741379404926 1.446413628422793 290
1741379404950 1.444507583804741 291
1741379404976 1.4425107650159088 292
1741379404998 1.440581264676271 293
1741379405021 1.4375532931545407 294
1741379405044 1.4364199238470337 295
1741379405068 1.435752795340093 296
1741379405091 1.4332826698578613 297
1741379405114 1.4315803297763767 298
1741379405137 1.430566544641798 299
1741379405161 1.4290168402523418 300
1741379405183 1.4283083923591635 301
1741379405206 1.42721442789946 302
1741379405231 1.4247043606788228 303
1741379405253 1.4229585642480818 304
1741379405274 1.4201992443421607 305
1741379405297 1.4172220844751275 306
1741379405319 1.4161364944798842 307
1741379405344 1.4145036461649654 308
1741379405367 1.4135747094068012 309
1741379405392 1.4112314713342433 310
1741379405417 1.4103286241955322 311
1741379405445 1.4066135689891694 312
1741379405470 1.4040570897570277 313
1741379405494 1.4020783649336208 314
1741379405516 1.400921291327596 315
1741379405540 1.3999695043526341 316
1741379405563 1.3979502592282524 317
1741379405586 1.3956067471615952 318
1741379405610 1.3946971057040105 319
1741379405635 1.3936273325143371 320
1741379405658 1.3929620649981551 321
1741379405681 1.3906702655834697 322
1741379405704 1.3885223655181642 323
1741379405727 1.3867625682215614 324
1741379405748 1.3846726721723484 325
1741379405775 1.383550404397209 326
1741379405797 1.3818966723860207 327
1741379405820 1.3809644224540571 328
1741379405841 1.3799949923116523 329
1741379405867 1.3785121845774349 330
1741379405888 1.3778901750238381 331
1741379405914 1.3755049506064736 332
1741379405937 1.373645892060267 333
1741379405959 1.372537956283996 334
1741379405980 1.3711762266039897 335
1741379406003 1.368477350559233 336
1741379406026 1.3672704582653916 337
1741379406050 1.365792238245698 338
1741379406072 1.3632954116916363 339
1741379406099 1.3598254031019112 340
1741379406122 1.3593653593709756 341
1741379406144 1.3573622360420066 342
1741379406169 1.3555537589452316 343
1741379406193 1.3535472807878555 344
1741379406217 1.3511728035758048 345
1741379406242 1.3493008367953188 346
1741379406268 1.3478565696813096 347
1741379406297 1.3462973810557355 348
1741379406320 1.3457903931161916 349
1741379406346 1.3447901344943456 350
1741379406366 1.343524703397425 351
1741379406390 1.3421898297782233 352
1741379406410 1.3406507372594674 353
1741379406436 1.3381756700273921 354
1741379406459 1.3378080621511441 355
1741379406480 1.3358688063324728 356
1741379406503 1.3339392202725053 357
1741379406526 1.331830076882126 358
1741379406547 1.3287897426938453 359
1741379406572 1.3261516672966365 360
1741379406593 1.324173517704377 361
1741379406616 1.3230119637265163 362
1741379406640 1.3220784918046429 363
1741379406664 1.3211023492465217 364
1741379406686 1.3202272467353713 365
1741379406710 1.3192807720486395 366
1741379406735 1.3184501978831098 367
1741379406758 1.3176529739693623 368
1741379406783 1.3159847252852943 369
1741379406807 1.315163087256493 370
1741379406834 1.314017538086947 371
1741379406861 1.3121795185121055 372
1741379406903 1.3103739786702309 373
1741379406933 1.3093837866540787 374
1741379406962 1.3089293892379243 375
1741379406989 1.3077228460732815 376
1741379407014 1.306424152658015 377
1741379407040 1.3051743802658906 378
1741379407065 1.3041418144384171 379
1741379407091 1.3028280463310522 380
1741379407117 1.3007741099963155 381
1741379407144 1.2990460847575553 382
1741379407169 1.2973446108971995 383
1741379407195 1.2954937725777842 384
1741379407223 1.2947219878243712 385
1741379407251 1.2932724902511663 386
1741379407278 1.2918295930231276 387
1741379407305 1.2900080026185272 388
1741379407333 1.2883768465226215 389
1741379407360 1.286291556617809 390
1741379407390 1.28471675343018 391
1741379407417 1.283355716434128 392
1741379407445 1.2825647150459887 393
1741379407473 1.279788480213379 394
1741379407500 1.2773491948683093 395
1741379407523 1.2765763777670538 396
1741379407551 1.2748263956800716 397
1741379407577 1.2733126655615685 398
1741379407605 1.2724246482812482 399
1741379407632 1.2716438382808308 400
1741379407658 1.2688190392807903 401
1741379407685 1.2679361518796073 402
1741379407711 1.2675924494841333 403
1741379407737 1.266019532145297 404
1741379407764 1.2647215301694295 405
1741379407794 1.2623857248188193 406
1741379407821 1.2602834003949597 407
1741379407852 1.2594013979996868 408
1741379407881 1.2574414834272665 409
1741379407907 1.2562365687279902 410
1741379407933 1.2554275171792468 411
1741379407959 1.2531517332769755 412
1741379407987 1.2513975032959817 413
1741379408010 1.2487830402877829 414
1741379408033 1.247792834773815 415
1741379408056 1.2462596752639374 416
1741379408082 1.244616299894636 417
1741379408105 1.2442128609884269 418
1741379408129 1.2436564396366663 419
1741379408151 1.2418801716540664 420
1741379408177 1.2409842576332997 421
1741379408200 1.2392875095264981 422
1741379408227 1.2373912111870358 423
1741379408262 1.2363569136446586 424
1741379408288 1.2338626460381896 425
1741379408313 1.2329750328443339 426
1741379408337 1.2317237780199906 427
1741379408357 1.2303523181359803 428
1741379408380 1.2293105702617835 429
1741379408401 1.2278399587685036 430
1741379408423 1.2263935860768433 431
1741379408445 1.2250306807739593 432
1741379408466 1.224648487166176 433
1741379408487 1.224503146466555 434
1741379408512 1.2222360400273893 435
1741379408533 1.2211728872647882 436
1741379408554 1.2191829522987878 437
1741379408575 1.218852094445637 438
1741379408596 1.2176752881311508 439
1741379408617 1.2172114808058208 440
1741379408640 1.2145607473786937 441
1741379408661 1.2123736230980386 442
1741379408683 1.2104605584825856 443
1741379408704 1.2099045676658906 444
1741379408727 1.2081181435758312 445
1741379408748 1.2068584392268198 446
1741379408769 1.2051763220208347 447
1741379408792 1.204328625817078 448
1741379408816 1.2034471152272341 449
1741379408839 1.2019515233295792 450
1741379408862 1.2004851570782278 451
1741379408885 1.1983840032565842 452
1741379408909 1.1972204951834988 453
1741379408934 1.196249985474009 454
1741379408957 1.1946006992462452 455
1741379408981 1.1926318484619505 456
1741379409006 1.1910077773606582 457
1741379409032 1.1892871209131168 458
1741379409055 1.1874273682736596 459
1741379409078 1.1853273513772837 460
1741379409104 1.184335968545923 461
1741379409130 1.182827782573829 462
1741379409153 1.1809990166811477 463
1741379409179 1.1802642295360788 464
1741379409203 1.1800644665173972 465
1741379409230 1.1781177235661597 466
1741379409255 1.177470795308568 467
1741379409279 1.1763778689810103 468
1741379409303 1.175849606337992 469
1741379409325 1.174095891994712 470
1741379409349 1.172006720810186 471
1741379409371 1.1705397795283736 472
1741379409395 1.1691003549030412 473
1741379409417 1.1683389905069714 474
1741379409444 1.1666731474038743 475
1741379409468 1.1651772560872997 476
1741379409492 1.1639279293055373 477
1741379409513 1.1632280056010305 478
1741379409535 1.1624535929745015 479
1741379409559 1.1614117393180503 480
1741379409583 1.1597424801926706 481
1741379409606 1.158133769737399 482
1741379409637 1.156091135342951 483
1741379409663 1.1549020626693551 484
1741379409692 1.1536531502066898 485
1741379409715 1.1529647743093132 486
1741379409737 1.1523991553158757 487
1741379409759 1.151003828322612 488
1741379409781 1.1495056934892327 489
1741379409803 1.1473585029481492 490
1741379409825 1.146001581771703 491
1741379409848 1.143720449065 492
1741379409873 1.142240912604977 493
1741379409894 1.1409481401765027 494
1741379409916 1.1395937700611394 495
1741379409939 1.1377248246777714 496
1741379409963 1.1360245207630002 497
1741379409985 1.134979943460066 498
1741379410005 1.133769212602344 499
