1741458194457 7.366619678665711 0
1741458194481 7.025286694352376 1
1741458194506 6.729181405641227 2
1741458194530 6.458559477157849 3
1741458194553 6.225952979377467 4
1741458194575 5.99108722264488 5
1741458194600 5.779992085976176 6
1741458194621 5.478781026958489 7
1741458194643 5.206824069360789 8
1741458194663 4.958202748276263 9
1741458194687 4.8093156061652165 10
1741458194710 4.596149640652656 11
1741458194732 4.418059533205538 12
1741458194752 4.305265918323655 13
1741458194773 4.1941543829306935 14
1741458194794 4.045494171230132 15
1741458194817 3.9104253424823328 16
1741458194836 3.793164859335385 17
1741458194860 3.6829741875439224 18
1741458194880 3.606878727342987 19
1741458194902 3.4993383693725817 20
1741458194924 3.393887061762478 21
1741458194946 3.317726762769137 22
1741458194967 3.236507525199014 23
1741458194991 3.1641838301464222 24
1741458195011 3.098682204497878 25
1741458195034 3.043668833527875 26
1741458195056 2.9917220968556135 27
1741458195079 2.9403194505995733 28
1741458195100 2.8885249645741746 29
1741458195123 2.8441381957543377 30
1741458195142 2.8010821234154073 31
1741458195164 2.757635645548796 32
1741458195186 2.7198580052354018 33
1741458195208 2.684957809191676 34
1741458195229 2.6533155008525497 35
1741458195253 2.624087048422806 36
1741458195273 2.5969230869421365 37
1741458195295 2.5689109680458997 38
1741458195315 2.5434615628792305 39
1741458195338 2.519279043841391 40
1741458195360 2.4926048381855317 41
1741458195384 2.4681779231612366 42
1741458195404 2.4477385872193618 43
1741458195424 2.43126774833795 44
1741458195443 2.4102885409266586 45
1741458195464 2.3930658161115472 46
1741458195482 2.3726838887186563 47
1741458195503 2.3550910328184895 48
1741458195521 2.337437295555961 49
1741458195541 2.3238886301693307 50
1741458195561 2.308164185735227 51
1741458195581 2.291163404230565 52
1741458195600 2.2785051856969227 53
1741458195622 2.2645610844386175 54
1741458195644 2.254604973691089 55
1741458195665 2.242621625489453 56
1741458195686 2.2321077159081844 57
1741458195705 2.2207835303046233 58
1741458195728 2.2102636120738 59
1741458195748 2.2009087302045973 60
1741458195767 2.1911117765318946 61
1741458195787 2.182854921078114 62
1741458195807 2.175665670383617 63
1741458195827 2.1676541868017187 64
1741458195848 2.157515821054861 65
1741458195867 2.1497588580527522 66
1741458195886 2.141013957992577 67
1741458195908 2.1338023285650594 68
1741458195927 2.126959369726628 69
1741458195948 2.1201515534432667 70
1741458195967 2.112712412319909 71
1741458195988 2.105863011499357 72
1741458196009 2.0999094348272505 73
1741458196030 2.094603337680598 74
1741458196047 2.0855414477883527 75
1741458196071 2.0778711506977676 76
1741458196088 2.0710990254002404 77
1741458196110 2.063612216504066 78
1741458196130 2.0584167386398815 79
1741458196150 2.051248510166488 80
1741458196171 2.0465723859045646 81
1741458196189 2.0412546351182974 82
1741458196210 2.0352747088095864 83
1741458196229 2.0264280843170197 84
1741458196249 2.0210687366465825 85
1741458196268 2.0161927267164685 86
1741458196289 2.0111605174948157 87
1741458196310 2.0052571614292485 88
1741458196329 1.999961217152842 89
1741458196350 1.9929894904644212 90
1741458196370 1.986779031736228 91
1741458196390 1.9803137007792548 92
1741458196411 1.9762254203401834 93
1741458196431 1.9727092184014454 94
1741458196449 1.9678213465700116 95
1741458196470 1.9619115099995996 96
1741458196490 1.9577936560746316 97
1741458196512 1.953324833141227 98
1741458196532 1.947421861622491 99
1741458196551 1.941780841068496 100
1741458196572 1.9379123250253683 101
1741458196596 1.9323065465173388 102
1741458196613 1.9272786489503642 103
1741458196635 1.9199121269981987 104
1741458196656 1.9155492046177065 105
1741458196678 1.9119259725192566 106
1741458196699 1.9074810380488256 107
1741458196731 1.9001277886555963 108
1741458196754 1.8952311301339864 109
1741458196778 1.8915690132493768 110
1741458196803 1.8882738126502856 111
1741458196836 1.8834513111907456 112
1741458196861 1.8810115583080345 113
1741458196888 1.8766858966740774 114
1741458196916 1.8714075254682472 115
1741458196940 1.8664551352316265 116
1741458196963 1.862054914422729 117
1741458196985 1.85814556653891 118
1741458197009 1.854190487408731 119
1741458197043 1.8487752380339397 120
1741458197068 1.8456769445455454 121
1741458197094 1.8418731014916754 122
1741458197115 1.8382250117091832 123
1741458197138 1.834162323663198 124
1741458197159 1.831579568227756 125
1741458197182 1.828191820250739 126
1741458197206 1.824748440346345 127
1741458197230 1.8208723200267656 128
1741458197252 1.8182132973817902 129
1741458197278 1.81485295419891 130
1741458197301 1.8119096607872351 131
1741458197326 1.8079769563462722 132
1741458197350 1.8036451143106609 133
1741458197372 1.8012607710097628 134
1741458197396 1.7979027925997553 135
1741458197418 1.7932968334493757 136
1741458197445 1.790144773068295 137
1741458197479 1.7875838457019326 138
1741458197503 1.7850522145252932 139
1741458197527 1.7817999725195104 140
1741458197549 1.7783722183993005 141
1741458197571 1.775034077617353 142
1741458197595 1.7716156698721646 143
1741458197618 1.7686425834725021 144
1741458197641 1.7656253160422477 145
1741458197664 1.7628400107144109 146
1741458197685 1.759639152889847 147
1741458197707 1.7559657601024756 148
1741458197728 1.7537806287031068 149
1741458197752 1.7512984738064756 150
1741458197775 1.7472415670374113 151
1741458197799 1.745056729741665 152
1741458197821 1.7431567407278685 153
1741458197843 1.7397643119874222 154
1741458197865 1.7358790307901064 155
1741458197889 1.7326603947379644 156
1741458197911 1.7293243496980504 157
1741458197930 1.7268830353303861 158
1741458197952 1.7243164556769388 159
1741458197974 1.7200585750229964 160
1741458197994 1.717178082199163 161
1741458198017 1.7136334203764156 162
1741458198039 1.711429242879661 163
1741458198067 1.7092209838413532 164
1741458198094 1.7078689433422092 165
1741458198117 1.7049336567689641 166
1741458198138 1.7020850493236948 167
1741458198162 1.6997042939174747 168
1741458198182 1.6978440378841528 169
1741458198204 1.696390097051645 170
1741458198225 1.6933727696744976 171
1741458198247 1.6908551596589227 172
1741458198268 1.6864058819599768 173
1741458198291 1.6851315011135815 174
1741458198317 1.6815298657578608 175
1741458198344 1.67795180769584 176
1741458198368 1.6751746547915027 177
1741458198391 1.6721945030858758 178
1741458198414 1.6698103638469928 179
1741458198436 1.667855839924423 180
1741458198459 1.6650298301548347 181
1741458198481 1.662226634417394 182
1741458198502 1.6594317369853222 183
1741458198523 1.6571342729082978 184
1741458198544 1.6551688393790456 185
1741458198567 1.6522671020213617 186
1741458198587 1.6505798954341824 187
1741458198610 1.6490273022585085 188
1741458198631 1.6458595210506952 189
1741458198652 1.6435707458237183 190
1741458198673 1.640537451251108 191
1741458198695 1.6380425267617418 192
1741458198715 1.6351276945559412 193
1741458198737 1.6333634906322971 194
1741458198758 1.6308452642486577 195
1741458198780 1.6296975288763034 196
1741458198798 1.6280575185892823 197
1741458198820 1.625774693319033 198
1741458198840 1.622878865353645 199
1741458198863 1.618988532127533 200
1741458198883 1.6167115919550654 201
1741458198905 1.614817295677961 202
1741458198928 1.6123552883531174 203
1741458198948 1.6113988363332088 204
1741458198971 1.6091849462648722 205
1741458198992 1.6061801488300276 206
1741458199013 1.604819053628464 207
1741458199035 1.6031440653593905 208
1741458199056 1.6007437652614516 209
1741458199078 1.5994053723190969 210
1741458199099 1.5971106985092485 211
1741458199121 1.5958576164808633 212
1741458199141 1.5942511462429785 213
1741458199163 1.592341548074935 214
1741458199184 1.5891881275091382 215
1741458199205 1.587198789593159 216
1741458199229 1.584387640771922 217
1741458199251 1.582553331618842 218
1741458199281 1.5800810054342482 219
1741458199307 1.5771120147457325 220
1741458199328 1.574529659283329 221
1741458199348 1.5729203935650649 222
1741458199370 1.5692091073049461 223
1741458199392 1.5668545293573681 224
1741458199414 1.5658645759819367 225
1741458199436 1.5638957366736876 226
1741458199457 1.562539628321654 227
1741458199480 1.5603653404267404 228
1741458199501 1.5584222537537638 229
1741458199523 1.5559935885206357 230
1741458199544 1.553223882153183 231
1741458199567 1.5517021580081052 232
1741458199587 1.548401062794139 233
1741458199609 1.5473153635086996 234
1741458199630 1.5455900321129334 235
1741458199650 1.542836706664515 236
1741458199671 1.5408254633689666 237
1741458199694 1.539135060099814 238
1741458199714 1.5382036127943404 239
1741458199736 1.5372852489436413 240
1741458199756 1.5363385814865493 241
1741458199777 1.5350786012967548 242
1741458199797 1.5324673904893118 243
1741458199817 1.531456931077502 244
1741458199838 1.5293198240028674 245
1741458199860 1.5275746010347397 246
1741458199882 1.526436438615353 247
1741458199903 1.5248190043623306 248
1741458199923 1.5227680261998409 249
1741458199944 1.5197301827141867 250
1741458199966 1.5174039096219885 251
1741458199989 1.5147996362641287 252
1741458200011 1.5129320438163556 253
1741458200036 1.5100616006066276 254
1741458200056 1.5092123795166879 255
1741458200079 1.5080650482702311 256
1741458200099 1.5068901356481297 257
1741458200122 1.5045768240905026 258
1741458200143 1.5037005821392049 259
1741458200164 1.5013477663970638 260
1741458200186 1.499565013400346 261
1741458200208 1.498369639879804 262
1741458200228 1.4961096806049974 263
1741458200250 1.4937064980088315 264
1741458200271 1.491213818546497 265
1741458200293 1.4886662872901384 266
1741458200315 1.486136395838733 267
1741458200342 1.484328340350134 268
1741458200363 1.483513861981001 269
1741458200387 1.4825363196702601 270
1741458200408 1.4804259666541315 271
1741458200430 1.4793337797733135 272
1741458200452 1.4770680084327463 273
1741458200474 1.4747038304501896 274
1741458200495 1.473097862618459 275
1741458200518 1.4723626978391855 276
1741458200537 1.470287194237566 277
1741458200560 1.4689162969185878 278
1741458200581 1.4669710048690416 279
1741458200603 1.4661249796694522 280
1741458200625 1.4643814347507234 281
1741458200648 1.4624731713896981 282
1741458200667 1.460344802138986 283
1741458200689 1.4574415667661378 284
1741458200710 1.4555495736825368 285
1741458200731 1.4545453481062804 286
1741458200752 1.4519908196145956 287
1741458200773 1.4503847333990274 288
1741458200793 1.4484033406582444 289
1741458200814 1.446413628422793 290
1741458200835 1.444507583804741 291
1741458200857 1.4425107650159088 292
1741458200877 1.440581264676271 293
1741458200899 1.4375532931545407 294
1741458200919 1.4364199238470337 295
1741458200942 1.435752795340093 296
1741458200960 1.4332826698578613 297
1741458200982 1.4315803297763767 298
1741458201005 1.430566544641798 299
1741458201025 1.4290168402523418 300
1741458201046 1.4283083923591635 301
1741458201069 1.42721442789946 302
1741458201092 1.4247043606788228 303
1741458201117 1.4229585642480818 304
1741458201138 1.4201992443421607 305
1741458201160 1.4172220844751275 306
1741458201180 1.4161364944798842 307
1741458201202 1.4145036461649654 308
1741458201224 1.4135747094068012 309
1741458201245 1.4112314713342433 310
1741458201266 1.4103286241955322 311
1741458201287 1.4066135689891694 312
1741458201307 1.4040570897570277 313
1741458201328 1.4020783649336208 314
1741458201349 1.400921291327596 315
1741458201370 1.3999695043526341 316
1741458201392 1.3979502592282524 317
1741458201416 1.3956067471615952 318
1741458201435 1.3946971057040105 319
1741458201457 1.3936273325143371 320
1741458201478 1.3929620649981551 321
1741458201500 1.3906702655834697 322
1741458201521 1.3885223655181642 323
1741458201542 1.3867625682215614 324
1741458201563 1.3846726721723484 325
1741458201585 1.383550404397209 326
1741458201606 1.3818966723860207 327
1741458201628 1.3809644224540571 328
1741458201651 1.3799949923116523 329
1741458201672 1.3785121845774349 330
1741458201692 1.3778901750238381 331
1741458201714 1.3755049506064736 332
1741458201734 1.373645892060267 333
1741458201757 1.372537956283996 334
1741458201776 1.3711762266039897 335
1741458201799 1.368477350559233 336
1741458201820 1.3672704582653916 337
1741458201842 1.365792238245698 338
1741458201863 1.3632954116916363 339
1741458201880 1.3598254031019112 340
1741458201907 1.3593653593709756 341
1741458201939 1.3573622360420066 342
1741458201971 1.3555537589452316 343
1741458202003 1.3535472807878555 344
1741458202018 1.3511728035758048 345
1741458202051 1.3493008367953188 346
1741458202099 1.3478565696813096 347
1741458202136 1.3462973810557355 348
1741458202166 1.3457903931161916 349
1741458202194 1.3447901344943456 350
1741458202226 1.343524703397425 351
1741458202242 1.3421898297782233 352
1741458202282 1.3406507372594674 353
1741458202313 1.3381756700273921 354
1741458202336 1.3378080621511441 355
1741458202368 1.3358688063324728 356
1741458202398 1.3339392202725053 357
1741458202422 1.331830076882126 358
1741458202449 1.3287897426938453 359
1741458202482 1.3261516672966365 360
1741458202513 1.324173517704377 361
1741458202542 1.3230119637265163 362
1741458202558 1.3220784918046429 363
1741458202594 1.3211023492465217 364
1741458202621 1.3202272467353713 365
1741458202659 1.3192807720486395 366
1741458202685 1.3184501978831098 367
1741458202716 1.3176529739693623 368
1741458202732 1.3159847252852943 369
1741458202764 1.315163087256493 370
1741458202796 1.314017538086947 371
1741458202828 1.3121795185121055 372
1741458202859 1.3103739786702309 373
1741458202875 1.3093837866540787 374
1741458202917 1.3089293892379243 375
1741458202945 1.3077228460732815 376
1741458202976 1.306424152658015 377
1741458203005 1.3051743802658906 378
1741458203034 1.3041418144384171 379
1741458203050 1.3028280463310522 380
1741458203081 1.3007741099963155 381
1741458203113 1.2990460847575553 382
1741458203148 1.2973446108971995 383
1741458203180 1.2954937725777842 384
1741458203210 1.2947219878243712 385
1741458203224 1.2932724902511663 386
1741458203256 1.2918295930231276 387
1741458203288 1.2900080026185272 388
1741458203320 1.2883768465226215 389
1741458203352 1.286291556617809 390
1741458203367 1.28471675343018 391
1741458203399 1.283355716434128 392
1741458203440 1.2825647150459887 393
1741458203470 1.279788480213379 394
1741458203497 1.2773491948683093 395
1741458203527 1.2765763777670538 396
1741458203549 1.2748263956800716 397
1741458203574 1.2733126655615685 398
1741458203606 1.2724246482812482 399
1741458203641 1.2716438382808308 400
1741458203670 1.2688190392807903 401
1741458203686 1.2679361518796073 402
1741458203725 1.2675924494841333 403
1741458203751 1.266019532145297 404
1741458203782 1.2647215301694295 405
1741458203799 1.2623857248188193 406
1741458203835 1.2602834003949597 407
1741458203863 1.2594013979996868 408
1741458203894 1.2574414834272665 409
1741458203910 1.2562365687279902 410
1741458203942 1.2554275171792468 411
1741458203974 1.2531517332769755 412
1741458203990 1.2513975032959817 413
1741458204022 1.2487830402877829 414
1741458204054 1.247792834773815 415
1741458204086 1.2462596752639374 416
1741458204102 1.244616299894636 417
1741458204139 1.2442128609884269 418
1741458204169 1.2436564396366663 419
1741458204198 1.2418801716540664 420
1741458204230 1.2409842576332997 421
1741458204246 1.2392875095264981 422
1741458204288 1.2373912111870358 423
1741458204315 1.2363569136446586 424
1741458204341 1.2338626460381896 425
1741458204373 1.2329750328443339 426
1741458204389 1.2317237780199906 427
1741458204426 1.2303523181359803 428
1741458204452 1.2293105702617835 429
1741458204484 1.2278399587685036 430
1741458204509 1.2263935860768433 431
1741458204532 1.2250306807739593 432
1741458204565 1.224648487166176 433
1741458204580 1.224503146466555 434
1741458204612 1.2222360400273893 435
1741458204644 1.2211728872647882 436
1741458204675 1.2191829522987878 437
1741458204707 1.218852094445637 438
1741458204723 1.2176752881311508 439
1741458204755 1.2172114808058208 440
1741458204787 1.2145607473786937 441
1741458204819 1.2123736230980386 442
1741458204857 1.2104605584825856 443
1741458204883 1.2099045676658906 444
1741458204914 1.2081181435758312 445
1741458204962 1.2068584392268198 446
1741458204978 1.2051763220208347 447
1741458205009 1.204328625817078 448
1741458205042 1.2034471152272341 449
1741458205079 1.2019515233295792 450
1741458205105 1.2004851570782278 451
1741458205137 1.1983840032565842 452
1741458205169 1.1972204951834988 453
1741458205185 1.196249985474009 454
1741458205217 1.1946006992462452 455
1741458205249 1.1926318484619505 456
1741458205281 1.1910077773606582 457
1741458205313 1.1892871209131168 458
1741458205329 1.1874273682736596 459
1741458205361 1.1853273513772837 460
1741458205399 1.184335968545923 461
1741458205424 1.182827782573829 462
1741458205457 1.1809990166811477 463
1741458205482 1.1802642295360788 464
1741458205504 1.1800644665173972 465
1741458205536 1.1781177235661597 466
1741458205575 1.177470795308568 467
1741458205602 1.1763778689810103 468
1741458205631 1.175849606337992 469
1741458205655 1.174095891994712 470
1741458205679 1.172006720810186 471
1741458205711 1.1705397795283736 472
1741458205743 1.1691003549030412 473
1741458205791 1.1683389905069714 474
1741458205807 1.1666731474038743 475
1741458205839 1.1651772560872997 476
1741458205871 1.1639279293055373 477
1741458205903 1.1632280056010305 478
1741458205935 1.1624535929745015 479
1741458205966 1.1614117393180503 480
1741458205998 1.1597424801926706 481
1741458206030 1.158133769737399 482
1741458206062 1.156091135342951 483
1741458206094 1.1549020626693551 484
1741458206110 1.1536531502066898 485
1741458206142 1.1529647743093132 486
1741458206174 1.1523991553158757 487
1741458206205 1.151003828322612 488
1741458206221 1.1495056934892327 489
1741458206254 1.1473585029481492 490
1741458206285 1.146001581771703 491
1741458206317 1.143720449065 492
1741458206334 1.142240912604977 493
1741458206365 1.1409481401765027 494
1741458206397 1.1395937700611394 495
1741458206413 1.1377248246777714 496
1741458206445 1.1360245207630002 497
1741458206477 1.134979943460066 498
1741458206511 1.133769212602344 499
