1741458168311 7.509848403169854 0
1741458168341 7.265696872605193 1
1741458168376 7.034658509362145 2
1741458168411 6.812122754604555 3
1741458168445 6.604440809863334 4
1741458168477 6.409413163887529 5
1741458168508 6.262519589121479 6
1741458168541 6.097510383433577 7
1741458168572 5.9543479720680095 8
1741458168605 5.81919525379076 9
1741458168636 5.687389977792213 10
1741458168670 5.538458438063181 11
1741458168703 5.393290065829707 12
1741458168738 5.252137727639548 13
1741458168770 5.116484609773861 14
1741458168805 5.0085699551637894 15
1741458168838 4.887566098016787 16
1741458168873 4.777610989897193 17
1741458168907 4.68881859414668 18
1741458168939 4.599538692904503 19
1741458168975 4.513598295110402 20
1741458169008 4.410055545163293 21
1741458169039 4.314235477548998 22
1741458169072 4.224506152678984 23
1741458169109 4.155638977201697 24
1741458169142 4.0709279524447535 25
1741458169173 3.9915848179122264 26
1741458169205 3.928932362210948 27
1741458169238 3.8545081748694296 28
1741458169272 3.7833299055760827 29
1741458169308 3.7111861602687948 30
1741458169340 3.6436993847147536 31
1741458169376 3.5838850210119992 32
1741458169407 3.5259005922519275 33
1741458169436 3.468728843581682 34
1741458169468 3.4145899795353416 35
1741458169498 3.3654368530578513 36
1741458169529 3.3165701118804893 37
1741458169561 3.2702770597464417 38
1741458169592 3.2234689057501136 39
1741458169625 3.181792653962968 40
1741458169659 3.1382720894628884 41
1741458169691 3.096556523589933 42
1741458169720 3.0555311767925417 43
1741458169750 3.018463144385694 44
1741458169783 2.9844304307368734 45
1741458169816 2.9492849554931806 46
1741458169847 2.918480107279056 47
1741458169880 2.8857769907500224 48
1741458169911 2.8549056584840664 49
1741458169946 2.8249055918585464 50
1741458169977 2.7974745419222984 51
1741458170010 2.7699900852270716 52
1741458170040 2.7421373341565674 53
1741458170072 2.7156122561376628 54
1741458170104 2.692944369197029 55
1741458170137 2.668236796505095 56
1741458170171 2.6456174626848656 57
1741458170206 2.6238862130117777 58
1741458170237 2.6028498117396284 59
1741458170270 2.58295778264826 60
1741458170300 2.563348126867341 61
1741458170330 2.541308621441236 62
1741458170363 2.523182188878911 63
1741458170393 2.504826379189302 64
1741458170424 2.4874387869936996 65
1741458170457 2.4709034370556604 66
1741458170488 2.4543796262269795 67
1741458170520 2.437675624875731 68
1741458170552 2.421897939923941 69
1741458170579 2.406757132235189 70
1741458170612 2.3923471486842396 71
1741458170647 2.3791992303125435 72
1741458170676 2.365783125788044 73
1741458170711 2.3535916854867773 74
1741458170742 2.3403060980758523 75
1741458170775 2.328604745399452 76
1741458170808 2.3177484819748315 77
1741458170842 2.3057782352589875 78
1741458170874 2.29533047016667 79
1741458170907 2.284529511993343 80
1741458170939 2.275161161546776 81
1741458170976 2.2652092430925013 82
1741458171013 2.2555941939484763 83
1741458171046 2.2462595661014486 84
1741458171076 2.236518975126973 85
1741458171109 2.2268914021190693 86
1741458171140 2.2172037456961218 87
1741458171174 2.208374046076372 88
1741458171210 2.199915542430039 89
1741458171243 2.1915932227080885 90
1741458171275 2.1836978497031563 91
1741458171303 2.174024927376731 92
1741458171339 2.1657737265531076 93
1741458171371 2.158974820566386 94
1741458171404 2.1520273128519536 95
1741458171433 2.1449966728124386 96
1741458171465 2.137491008293549 97
1741458171499 2.13089474910848 98
1741458171531 2.1239564784357547 99
1741458171563 2.1168704760573096 100
1741458171598 2.1110563721060256 101
1741458171632 2.104619856747899 102
1741458171665 2.0974446511176486 103
1741458171695 2.0920250232741724 104
1741458171727 2.0855075076104623 105
1741458171760 2.080306422660046 106
1741458171795 2.0745061696388425 107
1741458171830 2.068847020556036 108
1741458171861 2.0623053837302083 109
1741458171892 2.0563673275817016 110
1741458171924 2.0516990928899586 111
1741458171955 2.0464666220863013 112
1741458171984 2.0400546483027475 113
1741458172015 2.035241081144473 114
1741458172050 2.0307293890580933 115
1741458172083 2.0251633572254266 116
1741458172116 2.020782589096184 117
1741458172149 2.016096464882775 118
1741458172180 2.0096541921139126 119
1741458172209 2.0043378034728794 120
1741458172237 1.9992735457124555 121
1741458172265 1.993951728851167 122
1741458172297 1.9894463420681685 123
1741458172328 1.984881851995383 124
1741458172362 1.9805327086766056 125
1741458172394 1.9755128697315332 126
1741458172429 1.9713373708025281 127
1741458172458 1.9673523198880465 128
1741458172489 1.9633006606596282 129
1741458172520 1.9592513244664684 130
1741458172554 1.9544581111190422 131
1741458172588 1.9491462887696558 132
1741458172619 1.9452455376129858 133
1741458172652 1.9407210883634223 134
1741458172685 1.9371064870466526 135
1741458172717 1.9331608485115976 136
1741458172749 1.9282603653745278 137
1741458172777 1.9243405937631501 138
1741458172808 1.9203446173265921 139
1741458172840 1.9156057871114316 140
1741458172869 1.911720039015649 141
1741458172901 1.9082670541832105 142
1741458172933 1.9043136407948857 143
1741458172967 1.9007094914368146 144
1741458173001 1.8971005880447918 145
1741458173032 1.8937805512188328 146
1741458173067 1.890387732737244 147
1741458173102 1.8859345245711352 148
1741458173135 1.8820724151609673 149
1741458173167 1.878487742485669 150
1741458173199 1.8745233537924715 151
1741458173233 1.8714897340695182 152
1741458173267 1.8677570851029663 153
1741458173300 1.863648050795966 154
1741458173334 1.8599292800070624 155
1741458173364 1.8568778773056929 156
1741458173390 1.853771585895317 157
1741458173419 1.850243434782911 158
1741458173451 1.8466868467155289 159
1741458173476 1.8435580358973345 160
1741458173507 1.8407985573048418 161
1741458173537 1.8375037243403354 162
1741458173567 1.8341836694810012 163
1741458173602 1.8311500501639602 164
1741458173634 1.8276335466391074 165
1741458173667 1.8235157453918736 166
1741458173700 1.8202877341774226 167
1741458173732 1.8163945939635506 168
1741458173766 1.8134457590062565 169
1741458173798 1.8109872519850354 170
1741458173832 1.8077657278356665 171
1741458173861 1.8043242417311591 172
1741458173889 1.800981180103683 173
1741458173921 1.7985208472574554 174
1741458173954 1.7944291732613393 175
1741458173985 1.791650690617708 176
1741458174017 1.7890470122938371 177
1741458174044 1.7866141384781966 178
1741458174078 1.7840650967607277 179
1741458174111 1.7806823214684757 180
1741458174145 1.7782695410598235 181
1741458174179 1.7750389818016732 182
1741458174207 1.7718763787115572 183
1741458174240 1.7689420459883425 184
1741458174269 1.766225800103625 185
1741458174302 1.762954746174257 186
1741458174333 1.7606221241536044 187
1741458174366 1.7581290397297655 188
1741458174397 1.7551720999597726 189
1741458174430 1.7519722837709435 190
1741458174462 1.7488795259621077 191
1741458174495 1.7463526895195292 192
1741458174522 1.7441139245521977 193
1741458174556 1.741468445750585 194
1741458174585 1.7392016028756954 195
1741458174623 1.7363490050448236 196
1741458174654 1.7334464368104052 197
1741458174685 1.7312801612254078 198
1741458174718 1.7288111757609192 199
1741458174747 1.726014241027786 200
1741458174779 1.723594074351421 201
1741458174811 1.7207189401517573 202
1741458174839 1.7179548997520502 203
1741458174866 1.7152674926146831 204
1741458174898 1.7127529056548711 205
1741458174928 1.7102927059647999 206
1741458174958 1.7080871298581195 207
1741458174990 1.705849073914689 208
1741458175023 1.7039481581607416 209
1741458175044 1.7015736615901733 210
1741458175080 1.69885302680377 211
1741458175112 1.696761652014606 212
1741458175146 1.6938057788581307 213
1741458175179 1.6914193467002296 214
1741458175215 1.6892005542229749 215
1741458175246 1.6865251241692858 216
1741458175280 1.6843988245945387 217
1741458175318 1.6826231011815935 218
1741458175351 1.680398033384634 219
1741458175384 1.6777561769324458 220
1741458175414 1.6751993800690315 221
1741458175446 1.6730357969971605 222
1741458175479 1.6708144722620282 223
1741458175509 1.669011753236412 224
1741458175539 1.6665900834193879 225
1741458175571 1.6644063949810792 226
1741458175603 1.6621065257466807 227
1741458175633 1.6598643344571222 228
1741458175664 1.6577992762336684 229
1741458175697 1.6554192584265575 230
1741458175726 1.6527696697420031 231
1741458175758 1.6506183793617282 232
1741458175787 1.6486117634345452 233
1741458175822 1.645355884495058 234
1741458175852 1.642416468384155 235
1741458175885 1.6402873213446212 236
1741458175915 1.6385247280801505 237
1741458175944 1.6361584512231124 238
1741458175977 1.6339348703847738 239
1741458176009 1.6321876678300695 240
1741458176040 1.6300050316828991 241
1741458176074 1.627758643059912 242
1741458176105 1.626125144310693 243
1741458176138 1.6242651735674405 244
1741458176164 1.6221053153879885 245
1741458176198 1.6196259861571225 246
1741458176230 1.6173970010430034 247
1741458176261 1.6157469991467501 248
1741458176294 1.6138903117867984 249
1741458176326 1.6119776886287072 250
1741458176357 1.6096201437784872 251
1741458176390 1.60816777188667 252
1741458176421 1.6058040523697725 253
1741458176451 1.6038537162269482 254
1741458176483 1.6018948286648536 255
1741458176512 1.600326582033924 256
1741458176544 1.5975033980602964 257
1741458176576 1.5955595521213297 258
1741458176606 1.5941540947545412 259
1741458176636 1.5918279366761636 260
1741458176666 1.5901257172927945 261
1741458176696 1.5882366486457027 262
1741458176725 1.5859501724698872 263
1741458176755 1.5843658693936082 264
1741458176789 1.581791348963853 265
1741458176820 1.579807636530286 266
1741458176852 1.5780682724517143 267
1741458176881 1.5760897621051333 268
1741458176911 1.5743197518707728 269
1741458176937 1.572650222249693 270
1741458176966 1.5710969194029674 271
1741458176994 1.5686767634806598 272
1741458177027 1.5667734935752373 273
1741458177058 1.5646845677007883 274
1741458177086 1.562803056892773 275
1741458177116 1.5603742048770182 276
1741458177147 1.558026759675773 277
1741458177180 1.5568118125973411 278
1741458177212 1.554628826113545 279
1741458177237 1.5531580534189329 280
1741458177267 1.5517443389980239 281
1741458177298 1.549759996091776 282
1741458177330 1.5476910765970222 283
1741458177360 1.5454525640587844 284
1741458177391 1.5439637508002038 285
1741458177421 1.5426283365380342 286
1741458177454 1.5408260610344877 287
1741458177485 1.539143810736187 288
1741458177517 1.5374976452636697 289
1741458177546 1.5356441384568527 290
1741458177578 1.5338321841636104 291
1741458177609 1.5318934429318423 292
1741458177642 1.5297888105891337 293
1741458177671 1.5283797067738933 294
1741458177704 1.526688049067324 295
1741458177733 1.5240759834665398 296
1741458177763 1.5223172315035833 297
1741458177794 1.5205842268003833 298
1741458177826 1.51905253208679 299
1741458177857 1.5178053085563572 300
1741458177887 1.5162586162468885 301
1741458177921 1.513671104141386 302
1741458177952 1.5120718691933994 303
1741458177985 1.5102871080694893 304
1741458178016 1.5081103330058148 305
1741458178047 1.5065249557195495 306
1741458178075 1.5044821715193144 307
1741458178105 1.5021655087258217 308
1741458178137 1.5005105499119662 309
1741458178168 1.4989830968664215 310
1741458178197 1.4971780522274099 311
1741458178227 1.4951890547796918 312
1741458178258 1.4931580787264136 313
1741458178290 1.4919736461756288 314
1741458178321 1.490359057586856 315
1741458178351 1.488843335767189 316
1741458178385 1.4869137938065757 317
1741458178412 1.4853106972246835 318
1741458178447 1.4838588854003034 319
1741458178477 1.482196543461118 320
1741458178506 1.4805482872807907 321
1741458178534 1.4784998945694634 322
1741458178564 1.476714484719789 323
1741458178596 1.4749913920813191 324
1741458178624 1.4729797924790031 325
1741458178656 1.470658727535142 326
1741458178686 1.4688036204724733 327
1741458178720 1.4671610093758671 328
1741458178750 1.4659647643057976 329
1741458178782 1.464440971646187 330
1741458178814 1.4622010131602778 331
1741458178845 1.4603443343579265 332
1741458178878 1.4587824445882076 333
1741458178909 1.4570649549896746 334
1741458178942 1.455770558668495 335
1741458178968 1.4544422100395271 336
1741458179001 1.452372504481592 337
1741458179030 1.4509500331497918 338
1741458179061 1.4495325757832367 339
1741458179094 1.4480629941650656 340
1741458179124 1.4466317885917197 341
1741458179155 1.4453720306748983 342
1741458179187 1.4441764742603935 343
1741458179223 1.4426124779656062 344
1741458179254 1.4412747950129723 345
1741458179286 1.4393963151200293 346
1741458179323 1.4372168948331558 347
1741458179356 1.4361836279329423 348
1741458179389 1.4345810593832007 349
1741458179422 1.4334445410574108 350
1741458179451 1.4320847581030454 351
1741458179484 1.4309211367781287 352
1741458179515 1.429110923216781 353
1741458179545 1.4275090858710355 354
1741458179576 1.4263163734568345 355
1741458179605 1.425109594311792 356
1741458179640 1.4239361827198014 357
1741458179671 1.4228002822915762 358
1741458179703 1.4213894715052036 359
1741458179731 1.4199296919460298 360
1741458179765 1.4185554606108326 361
1741458179797 1.4173981387027343 362
1741458179831 1.4160926234479188 363
1741458179862 1.4149056413850092 364
1741458179894 1.4139299652390118 365
1741458179926 1.4122740528637299 366
1741458179957 1.4108016628239173 367
1741458179987 1.409623429784624 368
1741458180016 1.4086298550595981 369
1741458180046 1.4068824751954292 370
1741458180080 1.4049714943173195 371
1741458180110 1.403642113998863 372
1741458180142 1.4020097031673717 373
1741458180168 1.4007816339991668 374
1741458180198 1.3993401638073555 375
1741458180229 1.397958652862209 376
1741458180265 1.3962889587107905 377
1741458180293 1.3951469210283776 378
1741458180322 1.3937307334147615 379
1741458180348 1.3924098633747455 380
1741458180381 1.3908497563187443 381
1741458180413 1.3896010874343774 382
1741458180448 1.3880422585871606 383
1741458180479 1.3867524453656264 384
1741458180511 1.3848468222554784 385
1741458180544 1.3831072501462467 386
1741458180576 1.3812729690272878 387
1741458180605 1.3799037835245287 388
1741458180633 1.3785443628638026 389
1741458180659 1.3774825509877606 390
1741458180692 1.375932035073143 391
1741458180722 1.3743310790779368 392
1741458180755 1.3729307389026515 393
1741458180787 1.3713233780545433 394
1741458180819 1.3696676231132072 395
1741458180851 1.3686300481862157 396
1741458180881 1.3672214624063945 397
1741458180918 1.3654679349097665 398
1741458180950 1.3639652133498932 399
